0 0
1 0
2 1
3 1
4 2
5 2
6 3
7 3
8 4
9 4
10 5
11 5
12 5
13 6
14 6
15 7
16 7
17 8
18 8
19 54
20 54
21 9
22 9
23 10
24 10
25 11
26 11
27 12
28 12
29 13
30 14
31 14
32 15
33 15
34 16
35 16
36 17
37 17
38 18
39 18
40 19
41 20
42 20
43 21
44 22
45 22
46 23
47 23
48 24
49 24
50 25
51 25
52 26
53 26
54 27
55 27
56 28
57 29
58 29
59 30
60 30
61 31
62 31
63 32
64 32
65 33
66 34
67 34
68 35
69 35
70 35
71 36
72 36
73 23
74 37
75 37
76 38
77 23
78 39
79 39
80 40
81 40
82 41
83 41
84 41
85 42
86 42
87 43
88 43
89 44
90 45
91 45
92 46
93 46
94 47
95 48
96 48
97 49
98 49
99 50
100 50
101 51
102 51
103 52
104 52
105 53
106 54
107 54
108 54
109 54
110 54
111 55
112 55
113 56
114 56
115 57
116 58
117 59
118 60
119 60
120 0
121 0
122 163
123 163
124 61
125 61
126 61
127 62
128 62
129 63
130 63
131 64
132 64
133 64
134 65
135 65
136 66
137 163
138 163
139 67
140 67
141 68
142 69
143 70
144 70
145 71
146 71
147 72
148 72
149 73
150 32
151 74
152 75
153 75
154 76
155 76
156 77
157 77
158 78
159 78
160 79
161 79
162 80
163 80
164 81
165 82
166 82
167 83
168 83
169 84
170 84
171 348
172 348
173 348
174 85
175 85
176 86
177 87
178 87
179 23
180 88
181 88
182 89
183 89
184 163
185 90
186 90
187 26
188 91
189 91
190 92
191 92
192 93
193 93
194 94
195 95
196 95
197 96
198 163
199 97
200 97
201 98
202 98
203 163
204 99
205 99
206 100
207 32
208 101
209 102
210 103
211 104
212 105
213 30
214 106
215 107
216 107
217 108
218 108
219 163
220 109
221 109
222 110
223 110
224 111
225 112
226 113
227 113
228 114
229 114
230 115
231 115
232 116
233 116
234 117
235 117
236 40
237 118
238 119
239 119
240 120
241 120
242 121
243 121
244 122
245 54
246 123
247 123
248 124
249 124
250 124
251 125
252 125
253 126
254 126
255 127
256 127
257 128
258 128
259 129
260 129
261 129
262 129
263 32
264 32
265 130
266 130
267 131
268 132
269 132
270 42
271 133
272 134
273 134
274 135
275 135
276 136
277 136
278 137
279 137
280 138
281 138
282 139
283 139
284 140
285 141
286 142
287 142
288 143
289 143
290 144
291 145
292 146
293 40
294 147
295 148
296 148
297 149
298 149
299 150
300 151
301 152
302 153
303 153
304 154
305 154
306 155
307 155
308 156
309 156
310 157
311 157
312 158
313 159
314 159
315 160
316 160
317 161
318 161
319 162
320 163
321 164
322 164
323 164
324 165
325 166
326 167
327 168
328 169
329 169
330 170
331 171
332 171
333 172
334 173
335 173
336 174
337 174
338 175
339 175
340 176
341 176
342 177
343 177
344 23
345 178
346 178
347 179
348 180
349 180
350 181
351 181
352 182
353 182
354 183
355 183
356 184
357 184
358 185
359 185
360 186
361 186
362 187
363 188
364 188
365 189
366 190
367 190
368 191
369 191
370 32
371 192
372 192
373 193
374 194
375 194
376 195
377 196
378 196
379 197
380 197
381 77
382 77
383 77
384 198
385 198
386 199
387 199
388 200
389 201
390 201
391 202
392 203
393 203
394 204
395 163
396 205
397 205
398 206
399 206
400 207
401 207
402 208
403 208
404 209
405 209
406 210
407 210
408 211
409 211
410 212
411 148
412 213
413 214
414 214
415 214
416 215
417 215
418 90
419 216
420 216
421 217
422 217
423 218
424 219
425 219
426 220
427 220
428 221
429 221
430 222
431 222
432 0
433 0
434 0
435 0
436 121
437 223
438 224
439 224
440 163
441 34
442 225
443 225
444 226
445 226
446 227
447 228
448 228
449 229
450 230
451 230
452 231
453 232
454 232
455 233
456 233
457 126
458 126
459 126
460 126
461 126
462 126
463 234
464 234
465 0
466 26
467 235
468 235
469 76
470 236
471 148
472 237
473 237
474 238
475 238
476 239
477 240
478 241
479 241
480 242
481 242
482 243
483 243
484 163
485 163
486 244
487 244
488 245
489 245
490 246
491 246
492 247
493 247
494 248
495 248
496 248
497 249
498 249
499 250
500 250
501 163
502 251
503 251
504 252
505 252
506 253
507 253
508 254
509 254
510 255
511 255
512 256
513 256
514 257
515 258
516 258
517 259
518 259
519 26
520 36
521 260
522 260
523 261
524 261
525 262
526 262
527 84
528 263
529 264
530 264
531 32
532 265
533 30
534 266
535 266
536 2
537 267
538 267
539 268
540 268
541 269
542 269
543 42
544 270
545 271
546 272
547 272
548 273
549 273
550 273
551 30
552 274
553 275
554 275
555 276
556 276
557 169
558 277
559 278
560 278
561 279
562 279
563 280
564 280
565 281
566 281
567 282
568 283
569 283
570 130
571 284
572 284
573 285
574 285
575 286
576 287
577 287
578 32
579 288
580 288
581 289
582 289
583 290
584 163
585 291
586 292
587 293
588 294
589 295
590 295
591 295
592 296
593 296
594 297
595 297
596 298
597 298
598 299
599 299
600 300
601 300
602 301
603 302
604 302
605 303
606 304
607 304
608 305
609 306
610 306
611 307
612 307
613 308
614 308
615 309
616 310
617 310
618 311
619 312
620 313
621 313
622 314
623 315
624 315
625 169
626 316
627 317
628 317
629 318
630 318
631 23
632 319
633 319
634 320
635 321
636 321
637 322
638 322
639 323
640 323
641 324
642 324
643 325
644 325
645 326
646 326
647 327
648 327
649 90
650 328
651 329
652 330
653 330
654 331
655 331
656 54
657 332
658 332
659 23
660 280
661 333
662 333
663 23
664 334
665 335
666 335
667 336
668 336
669 337
670 337
671 338
672 338
673 338
674 339
675 340
676 340
677 341
678 342
679 343
680 343
681 344
682 344
683 345
684 345
685 346
686 347
687 347
688 347
689 348
690 349
691 349
692 350
693 350
694 350
695 171
696 351
697 143
698 50
699 352
700 352
701 353
702 353
703 354
704 354
705 355
706 355
707 17
708 356
709 356
710 357
711 358
712 359
713 359
714 360
715 360
716 361
717 362
718 362
719 363
720 364
721 365
722 365
