0 477
1 477
2 494
3 494
4 65
5 65
6 0
7 0
8 448
9 448
10 477
11 477
12 477
13 59
14 59
15 477
16 247
17 247
18 55
19 55
20 1
21 1
22 499
23 499
24 499
25 247
26 2
27 2
28 3
29 3
30 3
31 477
32 55
33 55
34 477
35 477
36 145
37 145
38 55
39 55
40 494
41 145
42 5
43 5
44 6
45 6
46 494
47 7
48 7
49 69
50 69
51 8
52 8
53 588
54 588
55 9
56 9
57 31
58 31
59 4
60 4
61 112
62 112
63 112
64 112
65 494
66 477
67 55
68 3
69 3
70 477
71 10
72 10
73 494
74 4
75 588
76 588
77 588
78 31
79 11
80 11
81 84
82 84
83 12
84 12
85 494
86 477
87 538
88 538
89 477
90 19
91 19
92 588
93 13
94 13
95 305
96 305
97 305
98 14
99 14
100 247
101 55
102 55
103 15
104 15
105 12
106 16
107 16
108 17
109 17
110 1
111 1
112 477
113 18
114 18
115 59
116 170
117 170
118 16
119 198
120 198
121 477
122 4
123 19
124 19
125 477
126 20
127 20
128 21
129 21
130 22
131 22
132 247
133 477
134 145
135 23
136 23
137 24
138 24
139 145
140 145
141 477
142 69
143 477
144 477
145 477
146 25
147 25
148 26
149 26
150 477
151 247
152 477
153 16
154 27
155 27
156 588
157 28
158 28
159 477
160 588
161 494
162 477
163 29
164 29
165 477
166 477
167 494
168 30
169 30
170 145
171 170
172 170
173 538
174 538
175 4
176 247
177 31
178 31
179 28
180 32
181 32
182 33
183 33
184 34
185 34
186 35
187 35
188 2
189 2
190 1
191 11
192 477
193 36
194 36
195 170
196 477
197 494
198 477
199 477
200 37
201 37
202 4
203 494
204 477
205 76
206 76
207 477
208 38
209 38
210 39
211 39
212 477
213 477
214 477
215 40
216 40
217 477
218 494
219 4
220 538
221 494
222 29
223 41
224 41
225 9
226 16
227 247
228 42
229 42
230 494
231 170
232 170
233 4
234 43
235 43
236 44
237 44
238 19
239 477
240 477
241 1
242 45
243 45
244 477
245 247
246 477
247 46
248 46
249 47
250 47
251 477
252 13
253 494
254 31
255 48
256 48
257 49
258 49
259 50
260 50
261 477
262 51
263 51
264 52
265 52
266 53
267 53
268 76
269 76
270 3
271 247
272 477
273 538
274 54
275 54
276 54
277 55
278 55
279 2
280 2
281 247
282 3
283 3
284 588
285 588
286 477
287 59
288 76
289 170
290 477
291 1
292 56
293 56
294 1
295 477
296 494
297 588
298 477
299 31
300 57
301 57
302 58
303 58
304 26
305 30
306 76
307 76
308 477
309 145
310 59
311 59
312 1
313 494
314 55
315 55
316 84
317 84
318 60
319 60
320 61
321 61
322 247
323 62
324 62
325 63
326 63
327 76
328 76
329 2
330 64
331 64
332 64
333 64
334 64
335 65
336 65
337 170
338 477
339 477
340 145
341 477
342 477
343 477
344 477
345 145
346 145
347 4
348 69
349 4
350 66
351 66
352 67
353 67
354 477
355 68
356 68
357 247
358 26
359 31
360 69
361 69
362 330
363 330
364 2
365 477
366 3
367 26
368 26
369 76
370 52
371 70
372 70
373 71
374 71
375 2
376 4
377 588
378 494
379 170
380 477
381 31
382 4
383 72
384 72
385 73
386 73
387 59
388 74
389 74
390 31
391 75
392 75
393 76
394 76
395 305
396 55
397 77
398 77
399 59
400 55
401 78
402 78
403 79
404 79
405 80
406 80
407 81
408 81
409 59
410 11
411 28
412 4
413 477
414 62
415 477
416 170
417 170
418 19
419 19
420 76
421 16
422 82
423 82
424 3
425 4
426 477
427 247
428 494
429 83
430 83
431 477
432 84
433 84
434 494
435 4
436 494
437 291
438 291
439 44
440 4
441 69
442 477
443 62
444 62
445 85
446 85
447 86
448 86
449 87
450 87
451 477
452 170
453 84
454 16
455 19
456 4
457 477
458 84
459 477
460 477
461 247
462 4
463 247
464 588
465 76
466 69
467 145
468 477
469 13
470 477
471 448
472 88
473 88
474 97
475 97
476 89
477 89
478 3
479 3
480 90
481 90
482 90
483 97
484 91
485 91
486 2
487 2
488 1
489 305
490 3
491 51
492 494
493 26
494 3
495 3
496 92
497 92
498 477
499 76
500 16
501 145
502 494
503 93
504 93
505 76
506 94
507 94
508 59
509 477
510 2
511 55
512 55
513 588
514 494
515 3
516 3
517 4
518 59
519 477
520 84
521 145
522 247
523 16
524 95
525 95
526 96
527 96
528 56
529 56
530 75
531 477
532 477
533 247
534 477
535 62
536 477
537 69
538 26
539 477
540 247
541 16
542 97
543 97
544 13
545 477
546 3
547 3
548 145
549 98
550 98
551 28
552 28
553 31
554 99
555 99
556 81
557 76
558 477
559 31
560 4
561 1
562 588
563 100
564 100
565 494
566 101
567 101
568 477
569 238
570 238
571 477
572 538
573 538
574 102
575 102
576 103
577 103
578 3
579 247
580 16
581 477
582 477
583 76
584 2
585 2
586 247
587 494
588 62
589 104
590 104
591 477
592 87
593 105
594 105
595 3
596 4
597 82
598 76
599 106
600 106
601 477
602 2
603 4
604 588
605 588
606 588
607 107
608 107
609 92
610 1
611 16
612 19
613 69
614 477
615 108
616 108
617 4
618 76
619 332
620 332
621 28
622 61
623 477
624 55
625 109
626 109
627 494
628 4
629 4
630 110
631 110
632 477
633 111
634 111
635 112
636 112
637 112
638 112
639 112
640 113
641 113
642 30
643 9
644 4
645 1
646 59
647 494
648 19
649 28
650 1
651 3
652 3
653 3
654 170
655 247
656 76
657 114
658 114
659 42
660 115
661 115
662 116
663 116
664 477
665 2
666 11
667 16
668 16
669 53
670 117
671 117
672 118
673 118
674 477
675 62
676 75
677 119
678 119
679 198
680 330
681 330
682 330
683 120
684 120
685 121
686 121
687 3
688 122
689 122
690 123
691 123
692 108
693 477
694 37
695 9
696 477
697 69
698 69
699 35
700 494
701 124
702 124
703 125
704 125
705 125
706 125
707 125
708 125
709 125
710 126
711 126
712 82
713 6
714 69
715 2
716 44
717 247
718 247
719 494
720 3
721 59
722 1
723 127
724 127
725 84
726 3
727 145
728 494
729 128
730 128
731 59
732 16
733 19
734 62
735 477
736 477
737 247
738 281
739 281
740 477
741 55
742 477
743 247
744 129
745 129
746 129
747 130
748 130
749 477
750 9
751 477
752 75
753 80
754 477
755 4
756 477
757 448
758 477
759 477
760 477
761 52
762 477
763 131
764 131
765 477
766 494
767 477
768 477
769 132
770 132
771 52
772 2
773 55
774 2
775 2
776 133
777 133
778 477
779 3
780 247
781 76
782 477
783 76
784 76
785 72
786 134
787 134
788 477
789 477
790 247
791 135
792 135
793 136
794 136
795 145
796 145
797 26
798 26
799 26
800 59
801 137
802 137
803 44
804 170
805 55
806 138
807 138
808 16
809 9
810 59
811 31
812 28
813 139
814 139
815 538
816 538
817 538
818 108
819 140
820 140
821 141
822 141
823 142
824 142
825 143
826 143
827 4
828 16
829 80
830 477
831 144
832 144
833 2
834 477
835 31
836 477
837 247
838 305
839 477
840 3
841 145
842 145
843 31
844 146
845 146
846 147
847 147
848 147
849 477
850 477
851 148
852 148
853 330
854 330
855 330
856 330
857 16
858 138
859 4
860 62
861 149
862 149
863 31
864 170
865 16
866 247
867 477
868 588
869 59
870 2
871 150
872 150
873 151
874 151
875 588
876 4
877 145
878 152
879 152
880 153
881 153
882 4
883 59
884 56
885 538
886 145
887 2
888 154
889 154
890 538
891 145
892 305
893 305
894 494
895 16
896 62
897 477
898 84
899 4
900 56
901 56
902 155
903 155
904 19
905 1
906 477
907 76
908 28
909 588
910 31
911 156
912 156
913 157
914 157
915 588
916 31
917 158
918 158
919 16
920 159
921 159
922 160
923 160
924 161
925 161
926 588
927 588
928 247
929 477
930 247
931 162
932 162
933 2
934 84
935 163
936 163
937 18
938 84
939 109
940 3
941 164
942 164
943 59
944 477
945 165
946 165
947 93
948 477
949 494
950 477
951 90
952 145
953 477
954 477
955 494
956 494
957 166
958 166
959 494
960 477
961 69
962 131
963 477
964 477
965 477
966 477
967 167
968 167
969 330
970 477
971 82
972 72
973 168
974 168
975 28
976 62
977 169
978 169
979 247
980 477
981 59
982 494
983 76
984 40
985 55
986 494
987 31
988 92
989 145
990 145
991 3
992 3
993 3
994 3
995 3
996 3
997 3
998 3
999 477
1000 55
1001 1
1002 477
1003 59
1004 247
1005 477
1006 1
1007 247
1008 477
1009 171
1010 171
1011 108
1012 330
1013 538
1014 477
1015 281
1016 247
1017 247
1018 477
1019 172
1020 172
1021 4
1022 477
1023 588
1024 173
1025 173
1026 477
1027 59
1028 174
1029 174
1030 477
1031 76
1032 55
1033 31
1034 69
1035 175
1036 175
1037 453
1038 453
1039 176
1040 176
1041 177
1042 177
1043 178
1044 178
1045 179
1046 179
1047 88
1048 59
1049 494
1050 3
1051 494
1052 538
1053 477
1054 477
1055 477
1056 2
1057 28
1058 477
1059 180
1060 180
1061 51
1062 31
1063 26
1064 494
1065 4
1066 181
1067 181
1068 7
1069 588
1070 310
1071 310
1072 182
1073 182
1074 538
1075 183
1076 183
1077 477
1078 477
1079 59
1080 184
1081 184
1082 247
1083 477
1084 2
1085 185
1086 185
1087 170
1088 7
1089 4
1090 148
1091 145
1092 75
1093 477
1094 13
1095 247
1096 44
1097 494
1098 59
1099 84
1100 494
1101 4
1102 186
1103 186
1104 16
1105 28
1106 187
1107 187
1108 494
1109 188
1110 188
1111 330
1112 330
1113 1
1114 477
1115 247
1116 477
1117 189
1118 189
1119 147
1120 2
1121 84
1122 2
1123 170
1124 55
1125 190
1126 190
1127 62
1128 494
1129 191
1130 191
1131 247
1132 62
1133 477
1134 477
1135 92
1136 16
1137 162
1138 192
1139 192
1140 31
1141 477
1142 494
1143 477
1144 588
1145 170
1146 494
1147 170
1148 4
1149 193
1150 193
1151 4
1152 59
1153 31
1154 194
1155 194
1156 59
1157 195
1158 195
1159 16
1160 538
1161 330
1162 477
1163 193
1164 76
1165 494
1166 55
1167 138
1168 145
1169 4
1170 157
1171 477
1172 247
1173 69
1174 196
1175 196
1176 197
1177 197
1178 477
1179 170
1180 90
1181 29
1182 281
1183 477
1184 247
1185 113
1186 281
1187 51
1188 477
1189 477
1190 247
1191 28
1192 145
1193 198
1194 198
1195 59
1196 588
1197 588
1198 494
1199 4
1200 59
1201 3
1202 97
1203 199
1204 199
1205 4
1206 31
1207 66
1208 477
1209 247
1210 28
1211 53
1212 200
1213 200
1214 247
1215 72
1216 247
1217 477
1218 494
1219 477
1220 477
1221 31
1222 31
1223 494
1224 189
1225 477
1226 2
1227 4
1228 156
1229 9
1230 182
1231 16
1232 16
1233 305
1234 170
1235 330
1236 201
1237 201
1238 3
1239 247
1240 247
1241 247
1242 477
1243 2
1244 179
1245 4
1246 3
1247 3
1248 59
1249 28
1250 494
1251 30
1252 494
1253 16
1254 494
1255 477
1256 84
1257 2
1258 59
1259 588
1260 494
1261 202
1262 202
1263 170
1264 62
1265 330
1266 330
1267 588
1268 55
1269 477
1270 203
1271 203
1272 31
1273 184
1274 10
1275 55
1276 16
1277 204
1278 204
1279 205
1280 205
1281 184
1282 28
1283 494
1284 55
1285 90
1286 477
1287 11
1288 477
1289 4
1290 62
1291 494
1292 181
1293 59
1294 92
1295 494
1296 477
1297 477
1298 477
1299 196
1300 170
1301 4
1302 4
1303 247
1304 477
1305 82
1306 82
1307 9
1308 588
1309 588
1310 206
1311 206
1312 330
1313 97
1314 207
1315 207
1316 494
1317 208
1318 208
1319 588
1320 4
1321 76
1322 209
1323 209
1324 31
1325 494
1326 210
1327 210
1328 494
1329 211
1330 211
1331 212
1332 212
1333 111
1334 90
1335 4
1336 16
1337 1
1338 477
1339 170
1340 3
1341 16
1342 477
1343 55
1344 477
1345 2
1346 1
1347 4
1348 34
1349 26
1350 477
1351 38
1352 477
1353 213
1354 213
1355 247
1356 76
1357 214
1358 214
1359 215
1360 215
1361 62
1362 247
1363 3
1364 494
1365 216
1366 216
1367 494
1368 84
1369 193
1370 30
1371 22
1372 494
1373 16
1374 247
1375 477
1376 538
1377 477
1378 59
1379 4
1380 31
1381 75
1382 145
1383 538
1384 217
1385 217
1386 218
1387 218
1388 138
1389 171
1390 4
1391 219
1392 219
1393 394
1394 394
1395 477
1396 247
1397 90
1398 477
1399 121
1400 247
1401 477
1402 55
1403 16
1404 59
1405 179
1406 16
1407 477
1408 220
1409 220
1410 170
1411 477
1412 477
1413 535
1414 535
1415 535
1416 477
1417 221
1418 221
1419 59
1420 477
1421 161
1422 477
1423 55
1424 588
1425 222
1426 222
1427 170
1428 223
1429 223
1430 494
1431 76
1432 224
1433 224
1434 19
1435 218
1436 67
1437 121
1438 477
1439 494
1440 225
1441 225
1442 226
1443 226
1444 92
1445 9
1446 477
1447 170
1448 477
1449 55
1450 75
1451 227
1452 227
1453 538
1454 108
1455 330
1456 2
1457 494
1458 477
1459 494
1460 42
1461 179
1462 59
1463 62
1464 145
1465 42
1466 16
1467 228
1468 228
1469 228
1470 229
1471 229
1472 82
1473 4
1474 477
1475 3
1476 281
1477 28
1478 588
1479 3
1480 538
1481 69
1482 230
1483 230
1484 477
1485 231
1486 231
1487 3
1488 232
1489 232
1490 59
1491 281
1492 6
1493 31
1494 477
1495 1
1496 233
1497 233
1498 247
1499 218
1500 76
1501 55
1502 75
1503 214
1504 494
1505 147
1506 75
1507 477
1508 2
1509 588
1510 2
1511 55
1512 3
1513 1
1514 588
1515 2
1516 477
1517 477
1518 19
1519 4
1520 477
1521 84
1522 538
1523 330
1524 305
1525 305
1526 145
1527 199
1528 78
1529 477
1530 494
1531 477
1532 1
1533 1
1534 4
1535 477
1536 82
1537 4
1538 234
1539 234
1540 235
1541 235
1542 147
1543 477
1544 2
1545 588
1546 4
1547 31
1548 477
1549 145
1550 4
1551 477
1552 13
1553 477
1554 494
1555 236
1556 236
1557 477
1558 4
1559 330
1560 237
1561 237
1562 238
1563 238
1564 238
1565 477
1566 4
1567 247
1568 93
1569 3
1570 59
1571 247
1572 239
1573 239
1574 240
1575 240
1576 477
1577 31
1578 52
1579 241
1580 241
1581 145
1582 145
1583 477
1584 31
1585 16
1586 170
1587 170
1588 330
1589 1
1590 69
1591 242
1592 242
1593 145
1594 243
1595 243
1596 19
1597 281
1598 28
1599 494
1600 97
1601 477
1602 57
1603 477
1604 196
1605 477
1606 332
1607 477
1608 44
1609 244
1610 244
1611 247
1612 2
1613 72
1614 76
1615 31
1616 477
1617 477
1618 477
1619 97
1620 477
1621 477
1622 82
1623 477
1624 2
1625 55
1626 59
1627 140
1628 477
1629 477
1630 97
1631 97
1632 477
1633 477
1634 245
1635 245
1636 3
1637 233
1638 170
1639 477
1640 62
1641 247
1642 4
1643 59
1644 246
1645 246
1646 477
1647 477
1648 75
1649 198
1650 494
1651 477
1652 97
1653 108
1654 477
1655 9
1656 76
1657 477
1658 247
1659 477
1660 72
1661 477
1662 29
1663 59
1664 494
1665 2
1666 92
1667 75
1668 75
1669 75
1670 75
1671 75
1672 75
1673 75
1674 97
1675 97
1676 62
1677 248
1678 248
1679 170
1680 477
1681 477
1682 249
1683 249
1684 246
1685 588
1686 151
1687 69
1688 250
1689 250
1690 251
1691 251
1692 252
1693 252
1694 253
1695 253
1696 477
1697 145
1698 254
1699 254
1700 255
1701 255
1702 453
1703 477
1704 588
1705 477
1706 477
1707 7
1708 4
1709 256
1710 256
1711 477
1712 477
1713 33
1714 74
1715 91
1716 588
1717 305
1718 69
1719 78
1720 257
1721 257
1722 76
1723 62
1724 122
1725 494
1726 75
1727 4
1728 223
1729 258
1730 258
1731 59
1732 477
1733 4
1734 4
1735 19
1736 52
1737 259
1738 259
1739 260
1740 260
1741 477
1742 477
1743 477
1744 16
1745 62
1746 29
1747 477
1748 208
1749 59
1750 477
1751 78
1752 3
1753 305
1754 305
1755 477
1756 494
1757 145
1758 261
1759 261
1760 330
1761 477
1762 494
1763 262
1764 262
1765 55
1766 477
1767 3
1768 69
1769 147
1770 588
1771 16
1772 30
1773 62
1774 310
1775 477
1776 231
1777 263
1778 263
1779 494
1780 2
1781 264
1782 264
1783 55
1784 305
1785 310
1786 59
1787 265
1788 265
1789 477
1790 37
1791 266
1792 266
1793 494
1794 477
1795 6
1796 267
1797 267
1798 477
1799 268
1800 268
1801 588
1802 122
1803 269
1804 269
1805 452
1806 452
1807 452
1808 452
1809 75
1810 494
1811 31
1812 477
1813 1
1814 392
1815 392
1816 84
1817 9
1818 2
1819 62
1820 59
1821 3
1822 170
1823 477
1824 494
1825 58
1826 28
1827 453
1828 247
1829 270
1830 270
1831 271
1832 271
1833 272
1834 272
1835 4
1836 494
1837 330
1838 588
1839 330
1840 320
1841 320
1842 320
1843 29
1844 35
1845 145
1846 55
1847 198
1848 273
1849 273
1850 196
1851 170
1852 477
1853 3
1854 477
1855 477
1856 75
1857 477
1858 274
1859 274
1860 198
1861 538
1862 4
1863 477
1864 538
1865 13
1866 275
1867 275
1868 9
1869 477
1870 4
1871 62
1872 276
1873 276
1874 162
1875 247
1876 277
1877 277
1878 19
1879 278
1880 278
1881 151
1882 256
1883 274
1884 279
1885 279
1886 9
1887 4
1888 494
1889 2
1890 247
1891 280
1892 280
1893 137
1894 76
1895 62
1896 104
1897 145
1898 281
1899 281
1900 82
1901 62
1902 102
1903 138
1904 138
1905 59
1906 16
1907 84
1908 477
1909 180
1910 230
1911 131
1912 477
1913 1
1914 477
1915 477
1916 282
1917 282
1918 9
1919 494
1920 2
1921 305
1922 69
1923 283
1924 283
1925 477
1926 477
1927 284
1928 284
1929 4
1930 55
1931 4
1932 477
1933 494
1934 477
1935 477
1936 477
1937 3
1938 145
1939 588
1940 477
1941 9
1942 139
1943 477
1944 62
1945 247
1946 285
1947 285
1948 477
1949 3
1950 31
1951 138
1952 477
1953 477
1954 75
1955 145
1956 31
1957 59
1958 477
1959 3
1960 4
1961 477
1962 477
1963 477
1964 286
1965 286
1966 287
1967 287
1968 59
1969 28
1970 230
1971 477
1972 477
1973 288
1974 288
1975 477
1976 289
1977 289
1978 588
1979 16
1980 290
1981 290
1982 31
1983 477
1984 3
1985 4
1986 291
1987 291
1988 2
1989 588
1990 292
1991 292
1992 189
1993 55
1994 62
1995 151
1996 477
1997 108
1998 76
1999 247
2000 90
2001 59
2002 19
2003 477
2004 4
2005 62
2006 477
2007 226
2008 4
2009 332
2010 4
2011 477
2012 1
2013 293
2014 293
2015 4
2016 293
2017 294
2018 294
2019 477
2020 477
2021 247
2022 477
2023 170
2024 13
2025 247
2026 295
2027 295
2028 84
2029 186
2030 170
2031 494
2032 69
2033 248
2034 145
2035 4
2036 477
2037 330
2038 3
2039 3
2040 477
2041 296
2042 296
2043 138
2044 477
2045 189
2046 69
2047 297
2048 297
2049 4
2050 4
2051 298
2052 298
2053 297
2054 538
2055 299
2056 299
2057 13
2058 115
2059 494
2060 300
2061 300
2062 170
2063 477
2064 301
2065 301
2066 494
2067 31
2068 145
2069 170
2070 477
2071 477
2072 27
2073 302
2074 302
2075 59
2076 145
2077 145
2078 31
2079 494
2080 588
2081 228
2082 303
2083 303
2084 4
2085 477
2086 303
2087 60
2088 84
2089 477
2090 19
2091 69
2092 281
2093 477
2094 76
2095 588
2096 62
2097 299
2098 477
2099 3
2100 304
2101 304
2102 28
2103 62
2104 62
2105 477
2106 37
2107 75
2108 302
2109 477
2110 494
2111 305
2112 305
2113 306
2114 306
2115 189
2116 477
2117 477
2118 138
2119 0
2120 4
2121 307
2122 307
2123 477
2124 59
2125 31
2126 247
2127 308
2128 308
2129 477
2130 62
2131 145
2132 477
2133 16
2134 3
2135 309
2136 309
2137 309
2138 108
2139 55
2140 16
2141 310
2142 310
2143 310
2144 588
2145 3
2146 477
2147 494
2148 31
2149 588
2150 74
2151 247
2152 31
2153 4
2154 311
2155 311
2156 218
2157 59
2158 230
2159 76
2160 82
2161 477
2162 76
2163 3
2164 312
2165 312
2166 170
2167 16
2168 19
2169 494
2170 31
2171 2
2172 477
2173 90
2174 76
2175 477
2176 313
2177 313
2178 538
2179 130
2180 28
2181 59
2182 3
2183 477
2184 145
2185 4
2186 13
2187 247
2188 538
2189 128
2190 138
2191 477
2192 477
2193 55
2194 1
2195 477
2196 28
2197 330
2198 588
2199 3
2200 4
2201 247
2202 59
2203 477
2204 9
2205 19
2206 247
2207 314
2208 314
2209 314
2210 108
2211 31
2212 494
2213 477
2214 170
2215 477
2216 315
2217 315
2218 477
2219 31
2220 62
2221 231
2222 189
2223 477
2224 59
2225 305
2226 588
2227 588
2228 4
2229 588
2230 460
2231 460
2232 477
2233 316
2234 316
2235 55
2236 477
2237 59
2238 317
2239 317
2240 318
2241 318
2242 477
2243 319
2244 319
2245 84
2246 84
2247 320
2248 320
2249 84
2250 3
2251 72
2252 321
2253 321
2254 59
2255 322
2256 322
2257 149
2258 477
2259 69
2260 170
2261 247
2262 192
2263 323
2264 323
2265 477
2266 477
2267 31
2268 280
2269 477
2270 324
2271 324
2272 477
2273 212
2274 11
2275 477
2276 2
2277 588
2278 322
2279 494
2280 2
2281 477
2282 494
2283 325
2284 325
2285 477
2286 538
2287 4
2288 90
2289 477
2290 326
2291 326
2292 327
2293 327
2294 477
2295 104
2296 477
2297 588
2298 328
2299 328
2300 75
2301 247
2302 145
2303 29
2304 1
2305 140
2306 16
2307 19
2308 26
2309 84
2310 329
2311 329
2312 247
2313 117
2314 588
2315 4
2316 477
2317 29
2318 52
2319 477
2320 16
2321 87
2322 477
2323 588
2324 84
2325 477
2326 588
2327 16
2328 140
2329 477
2330 28
2331 1
2332 7
2333 477
2334 477
2335 117
2336 42
2337 330
2338 330
2339 62
2340 494
2341 44
2342 28
2343 31
2344 69
2345 28
2346 31
2347 59
2348 97
2349 233
2350 170
2351 453
2352 84
2353 145
2354 176
2355 181
2356 84
2357 1
2358 3
2359 331
2360 331
2361 59
2362 477
2363 477
2364 332
2365 332
2366 477
2367 58
2368 145
2369 333
2370 333
2371 477
2372 494
2373 247
2374 334
2375 334
2376 334
2377 207
2378 494
2379 477
2380 335
2381 335
2382 181
2383 392
2384 69
2385 329
2386 477
2387 62
2388 336
2389 336
2390 337
2391 337
2392 75
2393 16
2394 84
2395 84
2396 59
2397 338
2398 338
2399 55
2400 69
2401 339
2402 339
2403 62
2404 477
2405 62
2406 189
2407 494
2408 4
2409 477
2410 147
2411 192
2412 62
2413 55
2414 538
2415 138
2416 3
2417 145
2418 477
2419 59
2420 55
2421 226
2422 90
2423 494
2424 84
2425 90
2426 84
2427 16
2428 588
2429 34
2430 250
2431 198
2432 59
2433 55
2434 42
2435 91
2436 76
2437 477
2438 69
2439 340
2440 340
2441 341
2442 341
2443 342
2444 342
2445 477
2446 477
2447 477
2448 4
2449 204
2450 121
2451 138
2452 343
2453 343
2454 477
2455 151
2456 42
2457 477
2458 62
2459 156
2460 40
2461 2
2462 82
2463 344
2464 344
2465 477
2466 109
2467 16
2468 477
2469 477
2470 29
2471 232
2472 4
2473 69
2474 345
2475 345
2476 588
2477 588
2478 82
2479 52
2480 76
2481 477
2482 55
2483 494
2484 4
2485 477
2486 4
2487 494
2488 346
2489 346
2490 346
2491 332
2492 31
2493 247
2494 494
2495 1
2496 347
2497 347
2498 253
2499 28
2500 494
2501 348
2502 348
2503 349
2504 349
2505 305
2506 538
2507 494
2508 60
2509 350
2510 350
2511 247
2512 75
2513 2
2514 166
2515 4
2516 8
2517 477
2518 74
2519 69
2520 2
2521 138
2522 253
2523 305
2524 588
2525 351
2526 351
2527 53
2528 4
2529 352
2530 352
2531 233
2532 353
2533 353
2534 76
2535 31
2536 55
2537 354
2538 354
2539 198
2540 170
2541 494
2542 61
2543 355
2544 355
2545 182
2546 59
2547 477
2548 12
2549 477
2550 356
2551 356
2552 46
2553 357
2554 357
2555 247
2556 477
2557 358
2558 358
2559 86
2560 3
2561 4
2562 477
2563 359
2564 359
2565 31
2566 3
2567 477
2568 494
2569 53
2570 75
2571 170
2572 360
2573 360
2574 57
2575 2
2576 477
2577 494
2578 477
2579 477
2580 16
2581 477
2582 2
2583 477
2584 588
2585 392
2586 477
2587 220
2588 179
2589 138
2590 62
2591 361
2592 361
2593 477
2594 538
2595 55
2596 362
2597 362
2598 362
2599 305
2600 157
2601 11
2602 494
2603 137
2604 2
2605 4
2606 477
2607 588
2608 1
2609 19
2610 330
2611 1
2612 477
2613 494
2614 494
2615 494
2616 363
2617 363
2618 145
2619 145
2620 28
2621 247
2622 477
2623 4
2624 135
2625 59
2626 9
2627 247
2628 261
2629 55
2630 59
2631 477
2632 82
2633 36
2634 69
2635 82
2636 75
2637 55
2638 364
2639 364
2640 494
2641 62
2642 3
2643 477
2644 16
2645 588
2646 4
2647 477
2648 19
2649 4
2650 588
2651 11
2652 1
2653 477
2654 477
2655 477
2656 477
2657 138
2658 494
2659 477
2660 365
2661 365
2662 477
2663 42
2664 477
2665 16
2666 494
2667 366
2668 366
2669 366
2670 87
2671 84
2672 62
2673 84
2674 2
2675 70
2676 70
2677 233
2678 494
2679 305
2680 477
2681 207
2682 588
2683 448
2684 1
2685 76
2686 170
2687 247
2688 247
2689 28
2690 201
2691 170
2692 247
2693 82
2694 170
2695 4
2696 28
2697 477
2698 4
2699 216
2700 494
2701 59
2702 477
2703 367
2704 367
2705 368
2706 368
2707 494
2708 108
2709 588
2710 588
2711 2
2712 31
2713 52
2714 325
2715 494
2716 59
2717 477
2718 369
2719 369
2720 76
2721 588
2722 181
2723 16
2724 3
2725 30
2726 72
2727 69
2728 198
2729 75
2730 477
2731 588
2732 59
2733 4
2734 370
2735 370
2736 6
2737 477
2738 477
2739 477
2740 371
2741 371
2742 76
2743 372
2744 372
2745 373
2746 373
2747 305
2748 69
2749 76
2750 145
2751 76
2752 30
2753 62
2754 494
2755 1
2756 208
2757 208
2758 494
2759 477
2760 233
2761 4
2762 374
2763 374
2764 55
2765 477
2766 115
2767 477
2768 477
2769 375
2770 375
2771 90
2772 28
2773 494
2774 394
2775 477
2776 477
2777 376
2778 376
2779 16
2780 494
2781 247
2782 4
2783 28
2784 31
2785 247
2786 145
2787 247
2788 145
2789 4
2790 74
2791 145
2792 20
2793 76
2794 2
2795 108
2796 247
2797 377
2798 377
2799 377
2800 377
2801 477
2802 477
2803 477
2804 477
2805 477
2806 66
2807 62
2808 588
2809 16
2810 477
2811 62
2812 477
2813 378
2814 378
2815 477
2816 31
2817 62
2818 90
2819 477
2820 1
2821 27
2822 16
2823 494
2824 494
2825 477
2826 193
2827 477
2828 477
2829 477
2830 97
2831 198
2832 477
2833 379
2834 379
2835 29
2836 494
2837 19
2838 4
2839 198
2840 380
2841 380
2842 293
2843 59
2844 477
2845 381
2846 381
2847 135
2848 477
2849 4
2850 6
2851 588
2852 97
2853 198
2854 382
2855 382
2856 122
2857 182
2858 383
2859 383
2860 247
2861 3
2862 477
2863 247
2864 384
2865 384
2866 477
2867 4
2868 347
2869 26
2870 295
2871 55
2872 385
2873 385
2874 385
2875 2
2876 477
2877 28
2878 477
2879 116
2880 4
2881 28
2882 386
2883 386
2884 387
2885 387
2886 55
2887 477
2888 22
2889 388
2890 388
2891 16
2892 19
2893 2
2894 389
2895 389
2896 338
2897 55
2898 6
2899 477
2900 92
2901 66
2902 4
2903 477
2904 390
2905 390
2906 42
2907 11
2908 371
2909 391
2910 391
2911 392
2912 392
2913 477
2914 477
2915 75
2916 295
2917 3
2918 393
2919 393
2920 538
2921 477
2922 394
2923 394
2924 188
2925 4
2926 115
2927 4
2928 395
2929 395
2930 198
2931 58
2932 303
2933 69
2934 247
2935 392
2936 396
2937 396
2938 588
2939 494
2940 160
2941 477
2942 3
2943 397
2944 397
2945 494
2946 137
2947 16
2948 3
2949 398
2950 398
2951 97
2952 69
2953 211
2954 349
2955 399
2956 399
2957 145
2958 141
2959 30
2960 171
2961 494
2962 4
2963 247
2964 102
2965 102
2966 477
2967 189
2968 2
2969 1
2970 477
2971 400
2972 400
2973 538
2974 1
2975 401
2976 401
2977 538
2978 145
2979 477
2980 402
2981 402
2982 59
2983 30
2984 477
2985 477
2986 403
2987 403
2988 13
2989 247
2990 404
2991 404
2992 59
2993 90
2994 405
2995 405
2996 31
2997 247
2998 80
2999 406
3000 406
3001 407
3002 407
3003 247
3004 477
3005 193
3006 494
3007 170
3008 170
3009 42
3010 9
3011 16
3012 16
3013 230
3014 477
3015 477
3016 477
3017 142
3018 4
3019 477
3020 494
3021 4
3022 1
3023 149
3024 31
3025 408
3026 408
3027 477
3028 31
3029 19
3030 409
3031 409
3032 59
3033 247
3034 42
3035 31
3036 477
3037 477
3038 75
3039 4
3040 477
3041 410
3042 410
3043 477
3044 193
3045 4
3046 371
3047 373
3048 110
3049 4
3050 16
3051 59
3052 411
3053 411
3054 4
3055 189
3056 477
3057 477
3058 538
3059 477
3060 247
3061 3
3062 19
3063 26
3064 16
3065 84
3066 144
3067 99
3068 52
3069 588
3070 477
3071 233
3072 494
3073 28
3074 412
3075 412
3076 6
3077 56
3078 76
3079 477
3080 413
3081 413
3082 477
3083 4
3084 477
3085 68
3086 170
3087 84
3088 414
3089 414
3090 1
3091 281
3092 415
3093 415
3094 4
3095 247
3096 477
3097 477
3098 76
3099 195
3100 477
3101 427
3102 427
3103 9
3104 416
3105 416
3106 145
3107 494
3108 477
3109 477
3110 477
3111 212
3112 1
3113 84
3114 382
3115 588
3116 16
3117 145
3118 28
3119 417
3120 417
3121 233
3122 477
3123 588
3124 76
3125 418
3126 418
3127 76
3128 31
3129 419
3130 419
3131 2
3132 477
3133 3
3134 477
3135 477
3136 4
3137 477
3138 4
3139 198
3140 281
3141 189
3142 420
3143 420
3144 453
3145 3
3146 421
3147 421
3148 422
3149 422
3150 422
3151 422
3152 145
3153 423
3154 423
3155 2
3156 2
3157 4
3158 138
3159 477
3160 28
3161 69
3162 28
3163 4
3164 29
3165 76
3166 52
3167 424
3168 424
3169 477
3170 538
3171 145
3172 231
3173 425
3174 425
3175 16
3176 343
3177 31
3178 477
3179 9
3180 588
3181 426
3182 426
3183 477
3184 477
3185 19
3186 31
3187 427
3188 427
3189 477
3190 494
3191 55
3192 145
3193 16
3194 162
3195 305
3196 13
3197 588
3198 2
3199 105
3200 105
3201 477
3202 2
3203 55
3204 359
3205 428
3206 428
3207 58
3208 60
3209 588
3210 330
3211 477
3212 138
3213 429
3214 429
3215 30
3216 115
3217 52
3218 392
3219 368
3220 477
3221 477
3222 59
3223 430
3224 430
3225 494
3226 52
3227 108
3228 84
3229 247
3230 247
3231 1
3232 431
3233 431
3234 330
3235 432
3236 432
3237 477
3238 247
3239 31
3240 76
3241 405
3242 433
3243 433
3244 75
3245 84
3246 212
3247 67
3248 138
3249 434
3250 434
3251 477
3252 2
3253 286
3254 247
3255 76
3256 477
3257 181
3258 435
3259 435
3260 86
3261 162
3262 330
3263 1
3264 477
3265 436
3266 436
3267 1
3268 28
3269 145
3270 62
3271 423
3272 477
3273 28
3274 44
3275 368
3276 477
3277 11
3278 247
3279 477
3280 88
3281 437
3282 437
3283 477
3284 477
3285 477
3286 138
3287 438
3288 438
3289 439
3290 439
3291 440
3292 440
3293 477
3294 189
3295 281
3296 394
3297 16
3298 588
3299 2
3300 4
3301 4
3302 4
3303 69
3304 28
3305 2
3306 239
3307 441
3308 441
3309 76
3310 477
3311 477
3312 477
3313 75
3314 442
3315 442
3316 116
3317 305
3318 443
3319 443
3320 477
3321 129
3322 189
3323 59
3324 494
3325 19
3326 116
3327 588
3328 588
3329 42
3330 69
3331 247
3332 76
3333 426
3334 28
3335 108
3336 241
3337 31
3338 138
3339 16
3340 444
3341 444
3342 247
3343 2
3344 4
3345 31
3346 234
3347 445
3348 445
3349 445
3350 446
3351 446
3352 106
3353 477
3354 494
3355 447
3356 447
3357 494
3358 30
3359 448
3360 448
3361 247
3362 170
3363 29
3364 76
3365 4
3366 97
3367 28
3368 1
3369 477
3370 305
3371 52
3372 11
3373 76
3374 76
3375 449
3376 449
3377 51
3378 305
3379 90
3380 26
3381 9
3382 3
3383 2
3384 149
3385 477
3386 28
3387 59
3388 22
3389 460
3390 494
3391 477
3392 477
3393 477
3394 450
3395 450
3396 247
3397 451
3398 451
3399 448
3400 56
3401 3
3402 16
3403 494
3404 59
3405 13
3406 75
3407 69
3408 139
3409 1
3410 247
3411 319
3412 247
3413 4
3414 452
3415 452
3416 452
3417 452
3418 280
3419 26
3420 453
3421 453
3422 97
3423 31
3424 2
3425 2
3426 477
3427 454
3428 454
3429 3
3430 170
3431 334
3432 55
3433 69
3434 4
3435 173
3436 55
3437 198
3438 138
3439 55
3440 138
3441 477
3442 477
3443 477
3444 247
3445 191
3446 84
3447 65
3448 477
3449 432
3450 181
3451 22
3452 477
3453 494
3454 223
3455 477
3456 59
3457 494
3458 78
3459 2
3460 588
3461 75
3462 108
3463 137
3464 455
3465 455
3466 29
3467 477
3468 4
3469 261
3470 1
3471 477
3472 477
3473 477
3474 3
3475 3
3476 102
3477 477
3478 588
3479 166
3480 477
3481 97
3482 4
3483 477
3484 145
3485 477
3486 149
3487 157
3488 55
3489 75
3490 214
3491 247
3492 477
3493 494
3494 247
3495 42
3496 477
3497 494
3498 494
3499 75
3500 99
3501 76
3502 456
3503 456
3504 84
3505 198
3506 69
3507 19
3508 588
3509 55
3510 3
3511 9
3512 170
3513 42
3514 457
3515 457
3516 458
3517 458
3518 477
3519 12
3520 477
3521 477
3522 538
3523 477
3524 55
3525 84
3526 115
3527 145
3528 1
3529 459
3530 459
3531 460
3532 460
3533 461
3534 461
3535 90
3536 59
3537 462
3538 462
3539 462
3540 76
3541 84
3542 62
3543 26
3544 42
3545 76
3546 477
3547 19
3548 59
3549 477
3550 477
3551 494
3552 477
3553 463
3554 463
3555 4
3556 588
3557 28
3558 464
3559 464
3560 247
3561 59
3562 34
3563 588
3564 156
3565 56
3566 465
3567 465
3568 2
3569 149
3570 221
3571 59
3572 477
3573 3
3574 75
3575 477
3576 494
3577 494
3578 494
3579 494
3580 76
3581 97
3582 171
3583 494
3584 4
3585 466
3586 466
3587 174
3588 467
3589 467
3590 467
3591 468
3592 468
3593 477
3594 3
3595 477
3596 170
3597 469
3598 469
3599 469
3600 494
3601 588
3602 588
3603 477
3604 97
3605 75
3606 271
3607 470
3608 470
3609 59
3610 477
3611 198
3612 59
3613 494
3614 138
3615 59
3616 59
3617 2
3618 30
3619 145
3620 477
3621 477
3622 2
3623 55
3624 59
3625 471
3626 471
3627 2
3628 477
3629 31
3630 59
3631 477
3632 31
3633 472
3634 472
3635 84
3636 477
3637 4
3638 59
3639 76
3640 267
3641 59
3642 450
3643 473
3644 473
3645 59
3646 494
3647 90
3648 494
3649 4
3650 58
3651 108
3652 477
3653 75
3654 4
3655 474
3656 474
3657 16
3658 305
3659 247
3660 112
3661 4
3662 55
3663 181
3664 34
3665 477
3666 224
3667 290
3668 16
3669 477
3670 208
3671 477
3672 477
3673 16
3674 247
3675 494
3676 494
3677 11
3678 26
3679 2
3680 477
3681 28
3682 399
3683 75
3684 477
3685 477
3686 8
3687 475
3688 475
3689 138
3690 192
3691 247
3692 476
3693 476
3694 477
3695 477
3696 477
3697 477
3698 477
3699 2
3700 55
3701 478
3702 478
3703 76
3704 477
3705 479
3706 479
3707 42
3708 480
3709 480
3710 477
3711 274
3712 56
3713 226
3714 477
3715 494
3716 16
3717 4
3718 477
3719 247
3720 16
3721 481
3722 481
3723 59
3724 477
3725 477
3726 12
3727 53
3728 494
3729 477
3730 31
3731 261
3732 92
3733 482
3734 482
3735 483
3736 483
3737 11
3738 484
3739 484
3740 448
3741 166
3742 82
3743 7
3744 2
3745 477
3746 477
3747 55
3748 59
3749 485
3750 485
3751 1
3752 1
3753 486
3754 486
3755 477
3756 145
3757 2
3758 16
3759 477
3760 90
3761 477
3762 59
3763 477
3764 4
3765 167
3766 477
3767 62
3768 477
3769 170
3770 538
3771 11
3772 487
3773 487
3774 28
3775 97
3776 138
3777 4
3778 281
3779 4
3780 488
3781 488
3782 477
3783 4
3784 87
3785 3
3786 477
3787 494
3788 132
3789 132
3790 2
3791 1
3792 75
3793 170
3794 4
3795 489
3796 489
3797 1
3798 69
3799 69
3800 1
3801 90
3802 3
3803 477
3804 477
3805 247
3806 477
3807 145
3808 16
3809 247
3810 3
3811 69
3812 29
3813 490
3814 490
3815 16
3816 4
3817 477
3818 76
3819 28
3820 69
3821 55
3822 477
3823 477
3824 59
3825 11
3826 207
3827 494
3828 87
3829 298
3830 76
3831 477
3832 4
3833 477
3834 453
3835 477
3836 330
3837 2
3838 477
3839 477
3840 1
3841 3
3842 305
3843 30
3844 59
3845 145
3846 141
3847 28
3848 588
3849 303
3850 588
3851 491
3852 491
3853 55
3854 247
3855 4
3856 492
3857 492
3858 477
3859 56
3860 3
3861 477
3862 138
3863 234
3864 493
3865 493
3866 494
3867 477
3868 4
3869 2
3870 588
3871 283
3872 491
3873 42
3874 477
3875 494
3876 494
3877 477
3878 75
3879 477
3880 16
3881 233
3882 31
3883 9
3884 4
3885 247
3886 28
3887 69
3888 4
3889 477
3890 477
3891 477
3892 76
3893 2
3894 247
3895 86
3896 11
3897 198
3898 2
3899 44
3900 121
3901 477
3902 330
3903 439
3904 588
3905 130
3906 82
3907 59
3908 60
3909 299
3910 588
3911 3
3912 1
3913 3
3914 477
3915 59
3916 494
3917 59
3918 494
3919 2
3920 2
3921 84
3922 55
3923 59
3924 55
3925 477
3926 588
3927 305
3928 494
3929 495
3930 495
3931 477
3932 30
3933 170
3934 477
3935 55
3936 477
3937 31
3938 330
3939 76
3940 477
3941 2
3942 477
3943 121
3944 59
3945 477
3946 538
3947 3
3948 68
3949 305
3950 2
3951 170
3952 55
3953 477
3954 201
3955 202
3956 138
3957 1
3958 496
3959 496
3960 59
3961 82
3962 494
3963 247
3964 84
3965 477
3966 477
3967 477
3968 1
3969 497
3970 497
3971 52
3972 128
3973 477
3974 291
3975 588
3976 4
3977 477
3978 60
3979 75
3980 75
3981 477
3982 230
3983 477
3984 2
3985 1
3986 498
3987 498
3988 477
3989 16
3990 281
3991 477
3992 494
3993 499
3994 4
3995 141
3996 247
3997 477
3998 31
3999 588
4000 108
4001 59
4002 427
4003 494
4004 477
4005 207
4006 55
4007 16
4008 59
4009 4
4010 82
4011 6
4012 588
4013 477
4014 28
4015 500
4016 500
4017 198
4018 338
4019 477
4020 230
4021 76
4022 76
4023 31
4024 59
4025 130
4026 501
4027 501
4028 494
4029 28
4030 138
4031 247
4032 55
4033 16
4034 76
4035 330
4036 119
4037 9
4038 2
4039 477
4040 453
4041 291
4042 59
4043 477
4044 2
4045 477
4046 140
4047 4
4048 231
4049 4
4050 494
4051 305
4052 135
4053 29
4054 502
4055 502
4056 494
4057 477
4058 3
4059 588
4060 72
4061 6
4062 305
4063 1
4064 76
4065 55
4066 477
4067 4
4068 477
4069 588
4070 426
4071 3
4072 3
4073 503
4074 503
4075 16
4076 55
4077 247
4078 281
4079 538
4080 538
4081 4
4082 504
4083 504
4084 16
4085 31
4086 505
4087 505
4088 477
4089 4
4090 170
4091 330
4092 16
4093 247
4094 477
4095 538
4096 538
4097 538
4098 3
4099 115
4100 90
4101 477
4102 477
4103 477
4104 76
4105 108
4106 247
4107 145
4108 247
4109 28
4110 192
4111 62
4112 506
4113 506
4114 69
4115 198
4116 453
4117 283
4118 507
4119 507
4120 508
4121 508
4122 170
4123 509
4124 509
4125 97
4126 31
4127 477
4128 76
4129 145
4130 1
4131 477
4132 62
4133 247
4134 221
4135 76
4136 31
4137 477
4138 145
4139 510
4140 510
4141 76
4142 494
4143 37
4144 538
4145 156
4146 477
4147 84
4148 477
4149 305
4150 477
4151 588
4152 588
4153 588
4154 477
4155 170
4156 433
4157 330
4158 349
4159 467
4160 467
4161 145
4162 145
4163 252
4164 16
4165 84
4166 84
4167 195
4168 477
4169 511
4170 511
4171 82
4172 477
4173 37
4174 76
4175 31
4176 588
4177 588
4178 494
4179 28
4180 247
4181 456
4182 31
4183 138
4184 170
4185 494
4186 512
4187 512
4188 494
4189 513
4190 513
4191 55
4192 456
4193 494
4194 588
4195 76
4196 76
4197 42
4198 494
4199 486
4200 287
4201 198
4202 192
4203 477
4204 494
4205 330
4206 287
4207 62
4208 477
4209 514
4210 514
4211 494
4212 477
4213 494
4214 76
4215 145
4216 3
4217 588
4218 515
4219 515
4220 84
4221 31
4222 494
4223 1
4224 516
4225 516
4226 9
4227 451
4228 494
4229 3
4230 145
4231 4
4232 517
4233 517
4234 198
4235 460
4236 4
4237 518
4238 518
4239 59
4240 16
4241 31
4242 76
4243 55
4244 247
4245 499
4246 296
4247 330
4248 6
4249 76
4250 170
4251 75
4252 588
4253 233
4254 180
4255 182
4256 477
4257 477
4258 227
4259 198
4260 208
4261 347
4262 588
4263 62
4264 233
4265 2
4266 232
4267 84
4268 218
4269 75
4270 59
4271 228
4272 247
4273 1
4274 7
4275 588
4276 59
4277 588
4278 519
4279 519
4280 4
4281 394
4282 4
4283 55
4284 247
4285 59
4286 56
4287 69
4288 192
4289 3
4290 477
4291 588
4292 477
4293 181
4294 477
4295 247
4296 247
4297 538
4298 478
4299 305
4300 233
4301 494
4302 271
4303 69
4304 4
4305 62
4306 3
4307 1
4308 494
4309 330
4310 494
4311 16
4312 520
4313 520
4314 477
4315 477
4316 248
4317 477
4318 58
4319 330
4320 477
4321 494
4322 521
4323 521
4324 477
4325 0
4326 588
4327 76
4328 76
4329 11
4330 170
4331 522
4332 522
4333 55
4334 72
4335 69
4336 59
4337 31
4338 523
4339 523
4340 477
4341 145
4342 477
4343 494
4344 477
4345 4
4346 37
4347 588
4348 281
4349 305
4350 31
4351 524
4352 524
4353 305
4354 55
4355 477
4356 69
4357 59
4358 4
4359 374
4360 11
4361 477
4362 59
4363 16
4364 477
4365 477
4366 4
4367 525
4368 525
4369 4
4370 75
4371 477
4372 145
4373 588
4374 477
4375 4
4376 97
4377 16
4378 90
4379 151
4380 588
4381 1
4382 74
4383 477
4384 477
4385 75
4386 82
4387 4
4388 448
4389 477
4390 588
4391 394
4392 535
4393 9
4394 526
4395 526
4396 494
4397 16
4398 2
4399 247
4400 477
4401 477
4402 198
4403 75
4404 75
4405 76
4406 494
4407 477
4408 76
4409 42
4410 9
4411 145
4412 247
4413 477
4414 62
4415 477
4416 349
4417 4
4418 59
4419 82
4420 527
4421 527
4422 477
4423 528
4424 528
4425 305
4426 130
4427 538
4428 97
4429 9
4430 281
4431 74
4432 281
4433 226
4434 16
4435 477
4436 35
4437 31
4438 477
4439 3
4440 494
4441 247
4442 247
4443 477
4444 29
4445 477
4446 28
4447 477
4448 2
4449 4
4450 477
4451 108
4452 76
4453 460
4454 261
4455 198
4456 3
4457 16
4458 588
4459 4
4460 450
4461 529
4462 529
4463 19
4464 198
4465 59
4466 2
4467 588
4468 75
4469 222
4470 538
4471 477
4472 75
4473 4
4474 247
4475 494
4476 4
4477 247
4478 62
4479 477
4480 477
4481 477
4482 477
4483 18
4484 315
4485 530
4486 530
4487 233
4488 477
4489 59
4490 12
4491 22
4492 76
4493 84
4494 76
4495 477
4496 62
4497 76
4498 55
4499 400
4500 330
4501 477
4502 588
4503 82
4504 151
4505 247
4506 430
4507 3
4508 74
4509 346
4510 19
4511 84
4512 588
4513 477
4514 247
4515 2
4516 4
4517 28
4518 22
4519 477
4520 477
4521 477
4522 477
4523 247
4524 134
4525 531
4526 531
4527 59
4528 494
4529 247
4530 170
4531 227
4532 19
4533 76
4534 477
4535 310
4536 494
4537 75
4538 4
4539 4
4540 477
4541 76
4542 145
4543 532
4544 532
4545 138
4546 477
4547 533
4548 533
4549 494
4550 477
4551 19
4552 588
4553 291
4554 19
4555 477
4556 1
4557 306
4558 477
4559 494
4560 78
4561 55
4562 31
4563 59
4564 76
4565 477
4566 30
4567 247
4568 3
4569 59
4570 3
4571 4
4572 13
4573 170
4574 477
4575 534
4576 534
4577 329
4578 62
4579 281
4580 2
4581 247
4582 56
4583 115
4584 6
4585 84
4586 477
4587 588
4588 494
4589 477
4590 84
4591 178
4592 76
4593 108
4594 477
4595 62
4596 82
4597 4
4598 281
4599 3
4600 477
4601 247
4602 59
4603 2
4604 477
4605 76
4606 477
4607 145
4608 55
4609 170
4610 477
4611 29
4612 477
4613 477
4614 477
4615 178
4616 477
4617 4
4618 149
4619 4
4620 29
4621 55
4622 198
4623 494
4624 59
4625 59
4626 3
4627 16
4628 535
4629 494
4630 247
4631 477
4632 477
4633 76
4634 536
4635 536
4636 477
4637 281
4638 268
4639 477
4640 537
4641 537
4642 537
4643 537
4644 537
4645 537
4646 537
4647 537
4648 537
4649 537
4650 537
4651 537
4652 537
4653 62
4654 477
4655 145
4656 494
4657 6
4658 247
4659 330
4660 3
4661 16
4662 145
4663 2
4664 4
4665 90
4666 170
4667 9
4668 198
4669 538
4670 477
4671 44
4672 59
4673 1
4674 207
4675 75
4676 477
4677 84
4678 494
4679 42
4680 75
4681 69
4682 494
4683 29
4684 19
4685 3
4686 84
4687 27
4688 538
4689 477
4690 477
4691 69
4692 13
4693 539
4694 539
4695 62
4696 108
4697 4
4698 494
4699 76
4700 540
4701 540
4702 3
4703 494
4704 59
4705 56
4706 4
4707 477
4708 1
4709 247
4710 4
4711 1
4712 494
4713 16
4714 2
4715 477
4716 477
4717 247
4718 60
4719 4
4720 305
4721 53
4722 109
4723 76
4724 92
4725 69
4726 541
4727 541
4728 477
4729 477
4730 130
4731 102
4732 477
4733 4
4734 69
4735 588
4736 1
4737 4
4738 330
4739 330
4740 542
4741 542
4742 4
4743 477
4744 477
4745 305
4746 125
4747 477
4748 543
4749 543
4750 22
4751 477
4752 477
4753 22
4754 55
4755 273
4756 16
4757 247
4758 4
4759 477
4760 544
4761 544
4762 76
4763 545
4764 545
4765 477
4766 201
4767 187
4768 477
4769 31
4770 59
4771 477
4772 477
4773 84
4774 193
4775 494
4776 28
4777 9
4778 477
4779 4
4780 75
4781 2
4782 4
4783 305
4784 69
4785 477
4786 477
4787 83
4788 2
4789 546
4790 546
4791 55
4792 19
4793 538
4794 271
4795 4
4796 16
4797 2
4798 4
4799 154
4800 494
4801 588
4802 16
4803 477
4804 477
4805 16
4806 305
4807 477
4808 547
4809 547
4810 548
4811 548
4812 198
4813 59
4814 477
4815 549
4816 549
4817 97
4818 477
4819 477
4820 305
4821 297
4822 297
4823 75
4824 588
4825 538
4826 477
4827 31
4828 247
4829 247
4830 16
4831 2
4832 76
4833 55
4834 477
4835 507
4836 2
4837 477
4838 76
4839 16
4840 170
4841 16
4842 13
4843 247
4844 550
4845 550
4846 338
4847 305
4848 330
4849 31
4850 13
4851 2
4852 588
4853 55
4854 306
4855 37
4856 19
4857 76
4858 494
4859 84
4860 477
4861 28
4862 249
4863 494
4864 477
4865 588
4866 477
4867 59
4868 2
4869 137
4870 259
4871 75
4872 75
4873 75
4874 247
4875 129
4876 28
4877 9
4878 31
4879 477
4880 477
4881 342
4882 477
4883 477
4884 82
4885 477
4886 16
4887 55
4888 118
4889 247
4890 208
4891 551
4892 551
4893 3
4894 2
4895 75
4896 3
4897 477
4898 16
4899 453
4900 552
4901 552
4902 76
4903 145
4904 332
4905 477
4906 588
4907 471
4908 138
4909 170
4910 346
4911 553
4912 553
4913 26
4914 26
4915 477
4916 212
4917 207
4918 494
4919 477
4920 494
4921 4
4922 477
4923 554
4924 554
4925 4
4926 247
4927 477
4928 477
4929 160
4930 247
4931 139
4932 38
4933 494
4934 16
4935 494
4936 477
4937 4
4938 382
4939 555
4940 555
4941 189
4942 78
4943 494
4944 22
4945 198
4946 59
4947 62
4948 138
4949 556
4950 556
4951 80
4952 557
4953 557
4954 4
4955 477
4956 84
4957 16
4958 182
4959 4
4960 477
4961 31
4962 59
4963 247
4964 97
4965 82
4966 55
4967 84
4968 69
4969 477
4970 198
4971 181
4972 558
4973 558
4974 170
4975 170
4976 3
4977 288
4978 145
4979 22
4980 268
4981 472
4982 4
4983 84
4984 9
4985 76
4986 463
4987 477
4988 76
4989 2
4990 69
4991 69
4992 477
4993 7
4994 477
4995 588
4996 140
4997 16
4998 28
4999 494
5000 477
5001 559
5002 559
5003 22
5004 76
5005 477
5006 588
5007 477
5008 347
5009 145
5010 522
5011 42
5012 84
5013 1
5014 313
5015 494
5016 28
5017 38
5018 138
5019 477
5020 494
5021 2
5022 588
5023 16
5024 59
5025 76
5026 344
5027 344
5028 247
5029 560
5030 560
5031 2
5032 494
5033 62
5034 477
5035 99
5036 59
5037 2
5038 247
5039 273
5040 59
5041 247
5042 477
5043 116
5044 16
5045 145
5046 477
5047 2
5048 16
5049 16
5050 477
5051 310
5052 19
5053 4
5054 69
5055 3
5056 69
5057 9
5058 3
5059 42
5060 170
5061 84
5062 19
5063 477
5064 84
5065 477
5066 346
5067 59
5068 59
5069 588
5070 561
5071 561
5072 477
5073 477
5074 13
5075 305
5076 477
5077 477
5078 75
5079 4
5080 477
5081 494
5082 16
5083 562
5084 562
5085 562
5086 330
5087 16
5088 477
5089 230
5090 477
5091 477
5092 22
5093 247
5094 477
5095 477
5096 306
5097 16
5098 149
5099 31
5100 494
5101 3
5102 1
5103 494
5104 55
5105 145
5106 268
5107 74
5108 31
5109 84
5110 477
5111 563
5112 563
5113 170
5114 326
5115 296
5116 477
5117 477
5118 2
5119 494
5120 330
5121 16
5122 477
5123 156
5124 62
5125 477
5126 564
5127 564
5128 170
5129 59
5130 477
5131 338
5132 1
5133 3
5134 477
5135 427
5136 59
5137 1
5138 28
5139 3
5140 494
5141 494
5142 477
5143 3
5144 477
5145 477
5146 4
5147 97
5148 494
5149 28
5150 233
5151 3
5152 538
5153 565
5154 565
5155 455
5156 3
5157 145
5158 31
5159 477
5160 53
5161 2
5162 7
5163 170
5164 247
5165 59
5166 196
5167 3
5168 2
5169 477
5170 477
5171 76
5172 1
5173 212
5174 305
5175 494
5176 477
5177 305
5178 84
5179 29
5180 84
5181 138
5182 477
5183 477
5184 477
5185 529
5186 566
5187 566
5188 508
5189 305
5190 567
5191 567
5192 22
5193 427
5194 76
5195 4
5196 3
5197 477
5198 59
5199 230
5200 477
5201 494
5202 538
5203 247
5204 59
5205 59
5206 477
5207 568
5208 568
5209 569
5210 569
5211 477
5212 477
5213 385
5214 290
5215 4
5216 477
5217 494
5218 477
5219 247
5220 2
5221 570
5222 570
5223 172
5224 16
5225 477
5226 539
5227 303
5228 571
5229 571
5230 76
5231 69
5232 477
5233 572
5234 572
5235 374
5236 573
5237 573
5238 477
5239 574
5240 574
5241 575
5242 575
5243 216
5244 588
5245 76
5246 4
5247 62
5248 62
5249 69
5250 145
5251 4
5252 208
5253 4
5254 233
5255 477
5256 191
5257 477
5258 19
5259 494
5260 75
5261 477
5262 55
5263 538
5264 4
5265 477
5266 477
5267 576
5268 576
5269 477
5270 494
5271 3
5272 230
5273 373
5274 4
5275 67
5276 477
5277 494
5278 59
5279 62
5280 84
5281 494
5282 31
5283 147
5284 477
5285 59
5286 208
5287 145
5288 310
5289 477
5290 82
5291 60
5292 274
5293 588
5294 4
5295 477
5296 145
5297 477
5298 577
5299 577
5300 199
5301 19
5302 156
5303 477
5304 477
5305 4
5306 1
5307 59
5308 4
5309 82
5310 448
5311 578
5312 578
5313 477
5314 76
5315 31
5316 76
5317 477
5318 231
5319 163
5320 579
5321 579
5322 580
5323 580
5324 226
5325 581
5326 581
5327 477
5328 477
5329 582
5330 582
5331 477
5332 198
5333 90
5334 31
5335 338
5336 588
5337 588
5338 385
5339 583
5340 583
5341 102
5342 315
5343 477
5344 108
5345 198
5346 139
5347 477
5348 4
5349 584
5350 584
5351 59
5352 4
5353 145
5354 538
5355 477
5356 7
5357 2
5358 477
5359 477
5360 477
5361 585
5362 585
5363 42
5364 586
5365 586
5366 477
5367 477
5368 587
5369 587
5370 76
5371 198
5372 76
5373 477
5374 16
5375 31
5376 578
5377 75
5378 588
5379 26
5380 588
5381 588
5382 303
5383 303
5384 247
5385 220
5386 207
5387 2
5388 494
5389 226
5390 589
5391 589
5392 55
5393 55
5394 59
5395 477
5396 529
5397 477
5398 16
5399 31
5400 494
5401 538
5402 69
5403 76
5404 494
5405 494
5406 72
5407 588
5408 3
5409 145
5410 477
5411 31
5412 477
5413 4
5414 477
5415 76
5416 477
5417 3
5418 82
5419 477
5420 590
5421 590
5422 590
5423 588
5424 477
5425 40
5426 6
5427 538
5428 494
5429 533
5430 131
5431 108
5432 477
5433 591
5434 591
5435 477
5436 16
5437 3
5438 477
5439 30
5440 16
5441 108
5442 538
5443 76
5444 87
5445 477
5446 2
5447 477
5448 477
5449 477
5450 291
5451 76
5452 170
5453 35
5454 477
5455 62
5456 592
5457 592
5458 472
5459 593
5460 593
5461 494
5462 594
5463 594
5464 477
5465 16
5466 2
5467 494
5468 477
5469 477
5470 26
5471 4
5472 477
5473 478
5474 19
5475 477
5476 60
5477 55
5478 145
5479 97
5480 3
5481 538
5482 90
5483 97
5484 588
5485 76
5486 198
5487 494
5488 69
5489 238
5490 595
5491 595
5492 247
