4066
792273912751063040
0
0
996923530007592961
1
709427509
0
777139383396868098
0
0
954385329439506435
0
0
3041820676
0
0
1014876594152923141
0
0
710243881409839104
0
0
999340218896576513
0
0
75193485
1
141305025
0
194379785
0
0
9633802
0
0
848445451
0
0
981254741631127554
0
0
277504015
1
180619917
0
2163433488
0
0
490635281
0
0
105898003
0
0
612212756
1
133051204
0
56803350
2
731560861
989025666
0
159547415
0
0
268361752
0
0
786217454355689476
0
0
44982299
0
0
3189784605
0
0
874703450138980357
0
0
65052370
1
545618604
0
172777506
0
0
367468579
0
0
722275567869886465
2
109621903
859282120329510912
0
982381894120681478
0
0
106962985
0
0
858482770997379072
0
0
143843372
0
0
2505949232
1
314720573
0
167100466
0
0
1206026292
0
0
768099204640145408
0
0
482484279
0
0
20013113
0
0
830079077331648513
0
0
1692237884
0
0
1017522545346703370
0
0
138305598
0
0
771444253339836416
0
0
139419713
0
0
103481410
0
0
811713337163706379
0
0
78921796
0
0
2876399687
0
0
49823817
0
0
1012330070617329665
0
0
2180366412
1
1267927976
0
1016028114797907968
0
0
739049550
1
415517096
0
703392798914039808
1
786718395484008450
0
703298786416685056
0
0
1360027729
0
0
35668050
0
0
323489806
3
323489806
323489806
323489806
0
461013080
1
498693393
0
2456507748
0
0
1557051073
1
150832830
0
962832746111492111
0
0
887572522509750273
0
0
3020004177
0
0
627168613
0
0
174456848
0
0
769380909237866496
0
0
55099492
0
0
136527975
0
0
2735399020
1
79218321
0
450003054
0
0
2210483047
0
0
40018037
0
0
4613816439
0
0
24969337
0
0
1273808983
0
0
39067773
0
0
37077118
1
334135935
0
2355167359
0
0
3252420736
0
0
1923383425
1
720686354628222979
0
176070788
0
0
935526230064893952
1
564054060
0
88268938
0
0
3332964375
0
0
145013442
0
0
193303917
0
0
1007662554989154304
1
974353056962957312
0
131301521
0
0
544702610
0
0
611844244
0
0
4865753237
0
0
885886177236185088
0
0
257916953
1
2948119853
0
204456089
0
0
433717402
1
574150146
0
266371227
1
50695149
0
388020862
0
0
762394674216767488
0
0
287981727
0
0
762467745594085377
0
0
992950416198512640
0
0
529481894
0
0
1011276895793672194
0
0
1511358632
1
557239178
0
1452507308
1
103074420
0
972141428607520769
1
972804638
0
284237998
0
0
370368688
0
0
805670942
1
95796743
0
2737278739
0
0
162267321
0
0
55558330
1
37978929
0
4112482492
0
0
2285723839
1
2478575257
0
2605048000
0
0
223001291
0
0
23224517
0
0
1012050364693086208
1
146919703
0
331851124
0
0
150913226
0
0
84230350
2
147346969
147346969
0
42326733
0
0
140452048
0
0
445846039
1
149257105
0
255254739
0
0
2297127124
0
0
306520277
0
0
1485922340
1
61806090
0
242154191
1
101291255
0
162857180
0
0
2450122106
0
0
724418841770598401
1
1016496013195010049
0
241152037
0
0
118202594
0
0
920941384730804224
1
316727083
0
1353285866
1
120835612
0
1927512300
1
783492078126891008
0
133087469
0
0
3259007214
0
0
4705206511
0
0
213532912
1
53011119
0
93348081
0
0
580092146
0
0
2322309366
0
0
154304759
0
0
837170056555597825
0
0
134365434
0
0
1896505597
0
0
1348206846
1
824730500917063682
0
233188053
1
157298639
0
92356864
0
0
272236801
0
0
878094836775010305
0
0
4805165315
0
0
969048324
0
0
753840601947185152
0
0
179994668
1
704496192764284928
0
254247182
0
0
155549968
0
0
145744147
1
145744147
0
454099220
1
79218321
0
941292685343842304
1
2478575257
0
106774808
1
88398161
0
19095834
5
19095834
19095834
19095834
19095834
19095834
0
149520668
0
0
717188326793613312
1
61636241
0
119750943
0
0
173130017
0
0
146154155
0
0
1061806376
0
0
344378108
0
0
269525042
0
0
248725806
0
0
1684701487
0
0
981914655860969472
0
0
188612916
1
110016732
0
709427509
0
0
1904304438
0
0
4824875320
0
0
704022213792546816
0
0
865681722
0
0
158546655
1
860719611209289728
0
314720573
0
0
860719611209289728
0
0
832336603427266560
0
0
1393746241
1
705775352
0
130261315
1
1004876109308203009
0
1014995893647486976
1
3097147966
0
240214348
0
0
1009463472311160832
0
0
480100686
1
15095537
0
44475789
0
0
1000557925314760705
0
0
270592739
0
0
722505918001344512
0
0
477938007
0
0
3437757574
0
0
246407513
1
1310760883
0
590365022
0
0
757736759241256960
1
150832830
0
45499590
0
0
784829511590260737
0
0
116510779
0
0
187548006
0
0
2940166504
1
2478575257
0
614744425
0
0
142262635
0
0
1578803564
1
155748127
0
722813293
1
147768042
0
943209412394700800
0
0
115474801
1
3144878799
0
323997758
1
472586904
0
265018089
0
0
16294264
0
0
3170574713
0
0
971568931050786816
1
1174256078
0
74162559
0
0
334373248
1
722505918001344512
0
3380633985
0
0
925117131703726080
1
770019300035952640
0
865259000312606720
0
0
358793610
1
2478575257
0
143835534
0
0
987884261876420608
0
0
356983184
1
738554592946847744
0
2723128728
0
0
110016732
0
0
201515412
0
0
80612078
0
0
891356623670833152
0
0
324985239
0
0
197640600
0
0
600564121
0
0
127885722
0
0
375357853
0
0
119189573
0
0
150694640
1
896158272557895680
0
2795078067
0
0
2560213411
0
0
764457628256710657
1
120835612
0
52093352
0
0
1517329585
1
352906731
0
2343043500
0
0
1006854605689577473
0
0
1326309806
0
0
156328367
0
0
315220400
0
0
2440446385
1
786528135227535360
0
1631076787
1
340663665
0
31023547
0
0
1403306432
0
0
866485664
1
245505853
0
983601674
0
0
63545795
1
457105106
0
1640169925
0
0
118456774
1
61483126
0
901800886111961088
0
0
2704400841
0
0
384868810
0
0
883601694994698240
0
0
205382094
0
0
37732429
0
0
3054174674
1
379341628
0
1013173722918764544
0
0
232694233
0
0
59900378
0
0
785300505333346307
0
0
863962305075261441
1
100731315
0
34718178
0
0
2483102179
0
0
2296226276
3
160320924
323446256
106521486
0
155388668
0
0
1350509030
1
1152322632
0
438854121
0
0
4861182442
0
0
802670220456423424
0
0
1317437934
1
311661345
0
1409277260
1
710243881409839104
0
41263602
0
0
993953859134480384
1
1885002991
0
336978423
1
69962890
0
868770296
0
0
1363027974
0
0
1104620287
0
0
989342339620573184
0
0
762596613512724480
0
0
2399928834
0
0
112476677
0
0
913261438939971584
1
114635314
0
438804999
0
0
439370248
0
0
157443500
1
14250185
0
190382603
0
0
51159564
0
0
950184594942447616
0
0
360776208
1
574150146
0
203145745
0
0
98181651
1
62137911
0
461644310
0
0
961313341678538758
0
0
358195737
0
0
83654063
0
0
2260402716
0
0
551233475
0
0
197239327
1
19095834
0
142295586
0
0
974086233109315585
1
16428661
0
2313788166
1
111883036
0
468861478
1
824730500917063682
0
2612240935
0
0
1375371356
0
0
282329642
0
0
498330375
1
849075941385043968
0
3339985453
1
83297130
0
1531257390
0
0
3028279855
0
0
4856046129
1
1348106138
0
33989170
0
0
735109076611387392
1
883601694994698240
0
966897706441453568
1
524531680
0
37730751
0
0
563028534
1
15590302
0
329225652
0
0
550240826
1
896158272557895680
0
19923515
0
0
220742208
0
0
174010464
0
0
196379202
1
733857994463686656
0
305586755
1
2408953486
0
3718423108
0
0
1160766902
0
0
1213489736
0
0
381100620
0
0
884594226507468800
1
843315493238923264
0
1331946062
1
2478575257
0
4020142672
1
1160485946
0
394892728
2
14834302
4163353939
0
905080365915807744
0
0
139567702
1
830079077331648513
0
959065492718792704
1
824730500917063682
0
2417728271
0
0
261375046
0
0
1653727837
0
0
2832769635
0
0
151626340
0
0
83608165
0
0
91208465
0
0
454935147
0
0
624878188
0
0
950356286570450944
1
1174256078
0
2804793968
1
1013518044939812865
0
248381870
0
0
920115462364594177
1
2422853258
0
1006682248551239680
0
0
334135935
0
0
353395328
0
0
329302657
0
0
89186946
0
0
452493956
1
3797618655
0
2855289477
1
42753508
0
823959713377177600
0
0
294421132
1
106502630
0
233174466
0
0
142459534
0
0
65716880
0
0
977360671468871681
1
3399428523
0
888897931968950273
1
119837523
0
881292913526931457
1
2794746348
0
375579289
0
0
160088730
1
133086823
0
3375771
1
2273553450
0
1000771735468130309
1
94429039
0
408453790
0
0
156025503
0
0
362239385
1
710243881409839104
0
104071842
1
132207381
0
717404533911998465
0
0
963604786682703872
1
115097171
0
706651854327795712
1
998292166077231106
0
1009071415767822342
0
0
2558075563
0
0
272720556
0
0
128303789
0
0
53011119
0
0
511141320
0
0
71303860
0
0
273998517
0
0
862132804372529153
0
0
1321805257
1
390220919
0
139829433
0
0
1119658682
0
0
991920828
0
0
156397425
0
0
454015776
0
0
37864134
1
149609806
0
899269341396467712
1
960855076268015616
0
839436596873154561
0
0
830111488090181633
0
0
42074231
0
0
3044926156
1
1904304438
0
870275336109477888
0
0
2349236942
0
0
265945808
0
0
939565778
1
785858284158849025
0
4412803875
0
0
224838357
0
0
105857751
0
0
215681828
1
2478575257
0
117875418
0
0
281936605
1
2757152671
0
170135572
1
110016732
0
81986272
0
0
39256808
0
0
74556137
0
0
147768042
0
0
2402493163
1
120835612
0
166740717
1
157522862
0
201335535
2
157298639
157298639
0
183755508
0
0
163111670
0
0
147718906
1
79218321
0
118809343
1
576988042
0
878764876381827072
0
0
1613857537
1
153554225
0
897568190179536897
0
0
143955414
0
0
1015516857279733760
1
100731315
0
1735451402
0
0
815932172
1
97513349
0
800957197
0
0
434807722
0
0
960726269255213057
1
1005554962267598848
0
971588701770919937
1
19095834
0
184992536
0
0
907275609847541760
0
0
48505632
0
0
474202913
0
0
575603490
1
433800714
0
951206912892329984
0
0
718663582997569537
0
0
619316005
1
155549968
0
2957606048
1
1355662892
0
227459879
1
109392049
0
823624488
0
0
75883996
0
0
303424298
0
0
1006090302363459584
0
0
3492479789
0
0
259931958
0
0
494224176
0
0
37978929
0
0
259965746
0
0
604988212
0
0
579566859
0
0
19039036
0
0
709457589151653890
0
0
148783936
0
0
735245750330744834
0
0
149239265
1
714469634171396096
0
950723806728945664
1
40131441
0
155075401
1
101291255
0
57164621
0
0
94495567
0
0
415810385
0
0
171623254
1
90197445
0
163365719
0
0
2388878820
0
0
314393434
0
0
62806842
0
0
718198945281925120
0
0
900941796854779904
1
900941796854779904
0
171385699
1
108348822
0
376334337
0
0
126944103
0
0
60613480
0
0
83297130
0
0
398760061
0
0
125764465
0
0
122807156
0
0
3290301301
0
0
1620648822
0
0
1411293325
2
256002349
1411293325
0
3496526714
1
96490593
0
470410107
0
0
82715516
0
0
748542434204917761
0
0
191308670
0
0
948683648
0
0
168313729
0
0
853810771981197312
1
891077197741608960
0
118211459
1
26192100
0
1015053656142409728
0
0
1384653704
0
0
576988042
0
0
106521486
0
0
129328018
0
0
541139859
0
0
2553709460
1
1174256078
0
136840088
0
0
256304027
0
0
8225692
0
0
2212069530
1
307553392
0
15590302
0
0
2881061791
0
0
151192481
0
0
800672774817607681
1
356492772
0
162220870
0
0
40698792
1
551233475
0
3038299050
0
0
1569063852
0
0
921396146
0
0
2183562164
0
0
92537787
0
0
3092005820
1
824730500917063682
0
580428733
0
0
1136264126
0
0
3198116799
1
350862112
0
1594565570
0
0
177341382
0
0
1017598698228940800
0
0
98043252
0
0
486491082
0
0
90227660
0
0
419898317
0
0
2956379092
0
0
276972501
1
149204568
0
18224087
0
0
213279704
0
0
278716580
0
0
834001936500322304
1
81430069
0
583418844
1
1174256078
0
100451293
0
0
2205328350
0
0
2775122912
0
0
269165540
0
0
293274597
1
203675201
0
281625575
0
0
4268000232
1
112356129
0
1198400496
0
0
985414483
0
0
289673385
0
0
852738223017152513
0
0
3244639226
1
203329506
0
2685436923
0
0
487007230
0
0
500769793
0
0
246988895
0
0
2836718596
0
0
493224965
0
0
743550415883501568
1
94429039
0
214746125
0
0
160261136
0
0
300991505
1
83428748
0
129991699
0
0
896669305584091136
1
848385319
0
127247389
0
0
2509415454
0
0
213930816
1
319244800
0
219303941
0
0
1938623323
0
0
914251948186054656
0
0
109392049
0
0
815326249
1
843471724888932353
0
253076999
0
0
16240818
0
0
520807470
1
100731315
0
2859205679
0
0
940987094960361472
1
475330991
0
43566131
0
0
398500916
0
0
129049654
0
0
1009242457614082048
1
879482960000503809
0
328762425
0
0
127747130
0
0
112352095
0
0
414286908
0
0
1875887166
0
0
98993217
1
355809231
0
67830854
0
0
619653985
1
95684520
0
3971581001
0
0
1013978827557621760
0
0
166380624
0
0
139797585
0
0
314067811
0
0
335561812
0
0
136807511
0
0
24200281
0
0
85222492
0
0
301663325
0
0
36201566
0
0
1932158047
0
0
824083554
1
1289633030
0
7996522
0
0
261241703
1
248725806
0
930495994399264768
1
824730500917063682
0
2524079215
1
2704400841
0
307553392
0
0
59565174
0
0
2461254776
0
0
81437817
0
0
955819130
0
0
2869436607
0
0
344910698
0
0
85943423
1
109621903
0
990991648451694592
1
755953153
0
340608132
0
0
729142858968502272
1
2183562164
0
2511557077
0
0
2269439115
0
0
278062220
0
0
36512909
0
0
377496718
0
0
54289553
0
0
858621074
0
0
465388695
0
0
158247791
0
0
520692892
1
141748169
0
4382803101
0
0
2434777285
0
0
160908451
1
863477464273649664
0
1002665534813548544
0
0
226190502
0
0
190760103
0
0
36553896
0
0
994995662755385346
0
0
2608800938
0
0
583400306
0
0
278807728
0
0
2858905493
1
1648631179
0
955375085422022657
1
37717733
0
486630582
0
0
14250185
0
0
143590584
0
0
2544411834
0
0
4889381914
0
0
141305025
0
0
728206589119729666
0
0
4718511299
0
0
612893894
1
95684520
0
994915343591145472
1
3025804523
0
121898185
1
66115571
0
527809399
1
305102551
0
250201294
2
1755021204
355005824
0
979052028289802241
1
443884579
0
448971989
0
0
506321785
0
0
7668952
0
0
2864055513
0
0
78939354
0
0
2443511005
1
1007783192726827008
0
406217950
0
0
2885117152
1
834182669143511040
0
957008058202382336
0
0
258456189
0
0
45049059
0
0
2466702564
0
0
202851558
1
974353056962957312
0
151635175
0
0
104899600
1
123077135
0
492725485
0
0
1180781437
0
0
165618932
0
0
132209534
0
0
135030006
1
157816189
0
41829624
0
0
76569004
0
0
918356493224808448
0
0
2377762046
0
0
853698916415660032
1
165616919
0
730932087348305920
1
4163353939
0
231654663
0
0
2946835720
1
529481894
0
2758702636
0
0
2333893898
3
345403083
1960787274
1960787274
0
36291851
0
0
3906624386
0
0
974353056962957312
0
0
374629651
0
0
945923348
1
91966547
0
266765591
1
101857713
0
908749741315559425
1
111883036
0
734472396212736000
0
0
137405727
0
0
231187746
0
0
3223771
0
0
808414543722356737
0
0
1700125574
0
0
206456102
0
0
96789803
0
0
286713133
1
3395146167
0
217559261
0
0
197649712
1
34718178
0
2832827698
0
0
1003815676006543361
0
0
2227365173
0
0
136734009
0
0
1138104122
0
0
593245749
1
1174256078
0
357885254
0
0
1115874631
0
0
2735793480
0
0
204023113
0
0
121505098
0
0
148440395
0
0
927773608965001216
0
0
920649462296530944
1
948315942253223937
0
3053258063
0
0
595699256
0
0
112747858
0
0
112559446
0
0
1011803051169067009
1
43236393
0
132983695
0
0
903763094832340992
3
4906471199
4906471199
4906471199
0
336700770
1
101291255
0
3692733795
1
824730500917063682
0
149257105
0
0
496993645
0
0
911437927116394496
1
115097171
0
2369652080
1
123681659
0
3305514355
0
0
231900532
0
0
502449530
1
824730500917063682
0
2735914867
0
0
1933690236
0
0
2153768317
1
2478575257
0
102229374
0
0
143222144
0
0
4817945985
0
0
417244547
0
0
879446807679561729
0
0
778601476587302912
0
0
1158194568
1
102799642
0
2800854409
0
0
83428748
0
0
2520872514
1
323833311
0
4488217998
0
0
70878608
0
0
1325468568
0
0
256002349
1
1411293325
0
108348822
0
0
3315565976
1
115097171
0
451102106
1
2175760287
0
1247561118
0
0
950896274424856576
1
557239178
0
3593078176
0
0
411104307
0
0
336291234
0
0
1012394938607329280
1
196670301
0
718943767982551041
0
0
1534608805
0
0
67036582
0
0
972080556
1
37717733
0
751175777081696256
4
751175777081696256
751175777081696256
751175777081696256
751175777081696256
0
245073327
0
0
50095538
0
0
1917298100
0
0
403572149
2
557239178
557239178
0
306595254
1
69962890
0
94250423
0
0
254651309
0
0
137708992
1
123681659
0
57017793
1
268322810
0
202712514
0
0
853770431446122496
1
380612246
0
321127878
1
587021188
0
214296007
0
0
938438706037391360
2
258612899
847293221805871104
0
2333251148
1
23268513
0
118916556
0
0
876685684077154304
0
0
2591843792
0
0
879864441013063680
0
0
316610126
0
0
289170903
0
0
827126797275762688
0
0
2907243993
0
0
626902491
1
96789803
0
713398751637934080
0
0
367554580
1
391768597
0
940460953942024192
0
0
356492772
0
0
3357681125
1
3797618655
0
368911849
0
0
567623933
0
0
323446256
0
0
174294513
0
0
2298209779
0
0
46670078
0
0
1434543613
0
0
341094404
1
630627261
0
190367236
0
0
847270539819270144
0
0
94232833
1
789723392
0
601409033
0
0
433800714
0
0
253027851
0
0
954263052
0
0
993962054162829312
0
0
1597400594
1
2925121328
0
153069075
0
0
2437588500
0
0
85842862
0
0
3907749398
1
703582476321603586
0
610829850
0
0
891077197741608960
0
0
296609732
0
0
834957643814998016
0
0
2353415711
0
0
325772834
0
0
2292327971
1
118085767
0
231581220
0
0
65775144
1
37978929
0
239060521
1
22437394
0
29500972
0
0
225090988
0
0
200590896
0
0
118916657
0
0
149679027
0
0
837086175127011329
2
50095538
85909170
0
62137911
0
0
346308371
1
69158881
0
974400598073278464
0
0
216393276
0
0
243279423
1
83727221
0
217597506
0
0
156411459
0
0
4786808388
1
81437817
0
893334181014536192
1
900671424
0
2963883593
0
0
144623178
1
155549968
0
186328651
0
0
153798220
0
0
904923304527581184
0
0
987911872207835136
0
0
931082431263838209
1
1015798496526467073
0
1534191198
0
0
145720927
0
0
71452256
0
0
926868799122497536
0
0
213720520
0
0
3313821289
0
0
1663542894
0
0
1636976240
0
0
156354162
4
117517855
809923873
809923873
117517855
0
2274133621
1
1360301678
0
182142583
0
0
341369108
0
0
1376320448
0
0
196019844
1
824730500917063682
0
1000424059161595904
1
2478575257
0
996675861565845504
1
3243658266
0
942812454110810112
0
0
146919703
0
0
79218321
0
0
1716061842
1
186328651
0
146106005
0
0
256607897
1
266371227
0
429416730
0
0
291727006
0
0
584255135
0
0
102803107
0
0
1004190692346744833
0
0
212952742
0
0
136799912
1
4488217998
0
190135473
0
0
2493621931
0
0
1240327794
0
0
2809906864
0
0
514571208
1
2881162246
0
123569843
0
0
354510518
0
0
569288375
0
0
1870259898
1
566005698
0
795522246336868352
0
0
719091764406194176
0
0
150832830
0
0
1013232087862841344
2
3366533549
3366533549
0
76667851
1
334135935
0
580810358
0
0
69786282
0
0
854457382193201152
0
0
1015211888769105922
2
1015211888769105922
1015211888769105922
0
4003482573
0
0
1969161936
0
0
2844487971
0
0
182995918
1
59900378
0
622343801
1
191945298
0
228554710
1
228554710
0
34744026
0
0
282788512
0
0
865589373617786881
0
0
1255540446
1
4488217998
0
60868319
0
0
822085346
1
869565551147921409
0
37717733
0
0
877144325267836929
0
0
896534251
0
0
3020932845
0
0
1017458374626201600
1
263805295
0
802894149963882496
0
0
96118513
0
0
113555070
0
0
341706486
0
0
705775352
0
0
1257776898
0
0
729755251083894784
1
190396895
0
898978327926644736
1
128615437
0
74532619
0
0
913582156227792896
0
0
589268752
1
245505853
0
1512650047
0
0
314165010
0
0
3087820563
1
824730500917063682
0
2313897750
1
102551118
0
2679695130
0
0
3241436958
1
1001536361369714688
0
209331999
1
824730500917063682
0
3251709728
0
0
1003807425986813952
1
1003807425986813952
0
733342657125081089
1
961377622864351232
0
53290789
0
0
782747432
0
0
105514793
1
824730500917063682
0
2353375021
0
0
124312783
1
190760103
0
294774577
1
2560177592
0
98232115
0
0
188589878
0
0
786528135227535360
0
0
731465532
1
731465532
0
249181835
1
1157796926
0
189228868
0
0
513451847
1
927563012059402243
0
960855076268015616
0
0
165783371
0
0
968564309130399744
0
0
921592719964811264
0
0
349505360
0
0
834578257
0
0
884955473274970119
0
0
2255214222
1
111883036
0
455157591
0
0
969606756153417729
1
357952562
0
1016763428894117889
0
0
908107444768866307
0
0
477251426
1
918356493224808448
0
461440871
0
0
773646517714452480
1
15495934
0
775499306241490944
0
0
2882873195
1
119544490
0
899070999789838336
1
83678526
0
241347124
0
0
322127733
0
0
1915504502
0
0
167167867
0
0
1017055858126147586
1
114570540
0
790921536
0
0
571123587
0
0
1431390085
1
94429039
0
909525958272544768
0
0
69257096
0
0
76187532
0
0
181266318
3
4237170443
178991417
2701644320
0
67733394
0
0
3797729603
1
482484279
0
2581260180
0
0
2729584421
1
53011119
0
618710936
0
0
268058704
0
0
1075267482
1
17485551
0
509413275
1
155388668
0
898915949801349121
1
992950416198512640
0
308815774
0
0
422733727
1
15095537
0
304138144
0
0
904152513091211264
1
955099895098159104
0
726106793261199361
2
69962890
69962890
0
994052005
0
0
95684520
1
144997716
0
269453227
0
0
254131917
0
0
878010392341073920
0
0
613975987
0
0
712581530758066176
0
0
220850103
0
0
491677624
0
0
82970554
0
0
714254268
0
0
100101217
1
143955414
0
900671424
0
0
951770636426211330
1
100731315
0
44065099
0
0
1093355460
0
0
1641596869
1
150832830
0
293873606
1
23224517
0
404850631
0
0
825201701900648448
1
3132227154
0
141748169
0
0
145467338
0
0
291710923
0
0
1004511217069772801
0
0
1146701774
0
0
956026641800683521
0
0
3653897893
1
407088565
0
44656594
0
0
229935065
0
0
91269084
0
0
229660579
0
0
120312706
0
0
69158881
0
0
77080550
1
73981088
0
3131025383
0
0
157616104
0
0
1295738857
0
0
52406250
0
0
764636741152022528
1
4663498344
0
148001593
1
49156893
0
291171128
1
205534186
0
706681392294330368
1
993962054162829312
0
48584360
1
4003482573
0
41967955
0
0
250185716
0
0
564070390
1
94429039
0
268322810
0
0
100778532
0
0
300017663
0
0
237062144
0
0
317836288
0
0
889336992231809024
1
2861933075
0
1252370436
0
0
57763845
0
0
955165349481086976
0
0
3396331528
0
0
267921417
1
56134487
0
2830510090
1
1073159618
0
3044657164
1
2247782060
0
133851149
1
57659412
0
103788888
0
0
599787538
1
1620648822
0
597067795
1
3420987148
0
1731700758
1
24900072
0
885851819309760513
1
824730500917063682
0
265988124
0
0
262293534
1
3338354123
0
1493371909
1
16550433
0
191154210
0
0
832928491939172352
0
0
747141979662778369
1
747141979662778369
0
192414095
0
0
2476337190
0
0
964664936885571584
0
0
2377271336
1
2809906864
0
43698217
0
0
148932651
1
69962890
0
564054060
0
0
254789678
1
254789678
0
2460518449
0
0
20064307
0
0
73766580
0
0
29370428
0
0
119236675
0
0
162916420
0
0
123725893
0
0
28174409
1
150678850
0
1008034486557270017
0
0
99581898
1
824730500917063682
0
150349905
1
43998283
0
276916306
1
177916004
0
1949894742
1
1417442496
0
332580951
1
17030781
0
631646296
0
0
47978697
0
0
4172007515
0
0
143525980
0
0
1017563820376690688
0
0
61671521
0
0
4644802163
1
4644802163
0
320358075
0
0
177916004
0
0
315377768
0
0
244672618
1
74479783
0
2856798315
0
0
539404396
1
845383292895576065
0
31243282
0
0
134932590
0
0
757761051349938176
0
0
95094897
0
0
3423135861
1
59760059
0
61483126
0
0
202958971
0
0
123739157
1
53011119
0
381274241
0
0
789522564
0
0
843471724888932353
0
0
747099135333961728
1
824730500917063682
0
189781192
0
0
210749576
0
0
917502154247720961
1
14834302
0
480585869
1
153798220
0
325068942
0
0
516141421
0
0
49842320
0
0
517261457
1
3290301301
0
184608914
0
0
29034643
0
0
115525782
1
39067773
0
260885530
0
0
458614469
0
0
2376632480
0
0
362088610
0
0
613984419
0
0
2581066097
0
0
165882025
0
0
1055049900
0
0
1017353137160687617
0
0
218499249
0
0
451179904
0
0
799131828
0
0
17688757
1
500769793
0
1015798496526467073
0
0
104052425
0
0
819188347314851843
0
0
323111097
0
0
548964540
0
0
127568062
1
429764372
0
198603125
0
0
420587712
0
0
43034820
1
83211071
0
235071687
0
0
91711692
0
0
422845474
0
0
834182669143511040
0
0
245131471
0
0
31459537
0
0
387311827
2
330136009
269165540
0
162736340
1
180212998
0
1016914995874029568
1
302151609
0
404670680
0
0
428394713
0
0
3968944347
0
0
248432860
1
589171042
0
85858373
0
0
1969850064
0
0
26192100
0
0
70462503
0
0
95950546
2
781665149501468672
781665149501468672
0
2760853742
0
0
2169121008
0
0
188344561
0
0
785705204
0
0
94324983
0
0
887706484024496128
0
0
115558650
0
0
245098747
1
2675355744
0
352906731
0
0
780103512155824128
0
0
107194631
1
150027815
0
257661442
0
0
1420691731
0
0
386132244
1
141744827
0
1000694572735979521
1
710243881409839104
0
2857044249
2
355809231
37717733
0
36131205
0
0
826157346
0
0
973295876838850560
0
0
4175536095
1
208703237
0
101304617
0
0
295676202
1
143222144
0
1017162484237701121
0
0
27986223
0
0
617220400
0
0
115525940
0
0
555616572
0
0
3124132917
0
0
1697625824
1
49339195
0
818834497005232130
1
195886878
0
187541827
0
0
222592054
0
0
1016924536451760128
0
0
341616969
0
0
20539722
0
0
3308177122
0
0
1009609654303907840
0
0
194200228
0
0
749705261443608576
0
0
140609879
1
42326733
0
938568354133970944
0
0
103688539
0
0
812007592755154945
0
0
1010320440978477056
1
111416958
0
926852364186869760
1
187657372
0
589171042
0
0
260574762
0
0
189466981
0
0
869294135316033536
0
0
1328032105
1
1031445684
0
746734252331393024
0
0
721505668893696001
1
37717733
0
242526577
0
0
2667342194
0
0
3124267379
1
3015478162
0
172476790
0
0
113805691
2
512398958
512398958
0
522504572
0
0
500787594
1
92537787
0
170076543
0
0
55069057
0
0
997118472667607040
1
2478575257
0
198666634
0
0
862815692705476608
1
716372948672782336
0
436046220
1
896158272557895680
0
418932461
0
0
618342800
1
78610007
0
2769478040
0
0
3076360594
1
824730500917063682
0
1089260611
0
0
197216660
1
429764372
0
895831820478148608
0
0
74516888
0
0
96898116
0
0
3161768785
1
126744409
0
156101027
0
0
528819148
0
0
985693401965309952
0
0
722673
0
0
415517096
0
0
415232412
0
0
272239019
0
0
96873338
0
0
384534958
1
718198945281925120
0
938885092977659905
0
0
67193265
0
0
100731315
0
0
64096698
0
0
369625532
0
0
16837054
0
0
785631679
1
14445094
0
3325397440
0
0
503749707
0
0
1881033158
0
0
3022179425
0
0
356370889
1
118085767
0
3071633867
0
0
117819854
1
824730500917063682
0
624101839
1
823624488
0
201132496
1
192378571
0
35916242
1
248263350
0
240329123
0
0
825884097931276288
0
0
722946517
0
0
725044856356261894
1
10842792
0
154962392
0
0
36532644
0
0
122767834
0
0
832928397504417792
1
824730500917063682
0
129010142
0
0
991776370694000641
1
1073159618
0
396249570
0
0
94808549
1
329225652
0
248736232
0
0
879376124
0
0
2149620818
1
3188283117
0
3313183215
0
0
93907442
0
0
3321326675
1
824730500917063682
0
339376197
0
0
128641527
0
0
260991480
0
0
446499321
0
0
234449402
1
1555612837
0
319244800
0
0
90876418
0
0
2852530692
0
0
325716485
0
0
944414242723151872
1
944414242723151872
0
159681031
1
159681031
0
271034888
0
0
67662252
0
0
831361889951219712
0
0
3583756813
1
2478575257
0
126913039
0
0
948315942253223937
0
0
829917715
1
69962890
0
106891797
0
0
1017594975339638784
0
0
1945020954
0
0
1035890335
1
3580829427
0
19343904
0
0
16550433
0
0
895770477083361282
1
429764372
0
806234763463835649
1
714238464904929280
0
119936774
1
119936774
0
14445094
0
0
752678402583175168
1
957008058202382336
0
503613992
0
0
901108766
0
0
155363887
1
122807156
0
196028979
0
0
2229275188
0
0
872655414
1
102657695
0
581331511
0
0
549486384
2
762028946737209348
762028946737209348
0
1016896037385113600
1
302141241
0
161548866
0
0
1016687172
0
0
283242934
0
0
702401094
1
3380633985
0
45910599
0
0
164686408
0
0
94562892
0
0
282102351
0
0
1135512146
1
470410107
0
1271065171
1
97938860
0
346925655
0
0
35678808
0
0
37941891
1
75035973
0
175852127
1
102767241
0
1109043811
0
0
1711049318
0
0
330571856
1
202958971
0
357050985
0
0
89737838
0
0
714771055
0
0
2456808048
0
0
299560040
0
0
954996857100521472
1
503396553
0
103074420
0
0
121471781
0
0
568535670
0
0
308759161
0
0
27011708
0
0
581340267
0
0
2151499542
1
824730500917063682
0
793867975753289728
0
0
180619917
0
0
103885454
0
0
162908815
0
0
3923733137
0
0
2389191314
0
0
2379186627
0
0
37989014
0
0
799291854546157568
1
974480330722865153
0
465193633
0
0
989128256577331200
1
2478575257
0
2539940517
0
0
822479070189461504
0
0
781264813641138176
0
0
295979690
0
0
52554866
0
0
1335788282
0
0
150411037
0
0
2267228848
0
0
3346885300
0
0
197257910
0
0
119062985
0
0
929183064252665857
0
0
2940431037
1
955099895098159104
0
3178666784
1
27986223
0
67627719
0
0
61221580
0
0
724984063916953600
0
0
262392526
0
0
3144878799
0
0
825756368
0
0
331418325
0
0
758802921525870592
0
0
89573156
1
142459534
0
142171613
1
535638653
0
936792053949722624
1
824730500917063682
0
799821124662153216
1
1463456894
0
111061727
0
0
872176063958396928
0
0
3158223586
1
824730500917063682
0
3004844771
0
0
393784044
1
4163353939
0
65972973
0
0
186182382
1
137405727
0
2294299773
0
0
2765212400
0
0
140094194
0
0
2353572596
0
0
139758325
1
239246482
0
85109496
0
0
2398354731
0
0
47753979
0
0
510962428
0
0
479808253
1
229935065
0
3166948095
0
0
931970295426109440
1
1174256078
0
709269830
1
376334337
0
989140723005083649
0
0
3837348615
1
3837348615
0
322859052
0
0
907754375308857345
0
0
116787978
0
0
355306253
0
0
218024718
0
0
2726808335
1
824730500917063682
0
494805794
0
0
825407073362001921
1
1640169925
0
172559127
0
0
979521025493864453
1
710243881409839104
0
1914795823
0
0
12815132
0
0
816436857428971520
0
0
612928287
0
0
112356129
0
0
1315949346
1
1442606052
0
1017607917225369600
1
710243881409839104
0
832686254873468929
0
0
101993254
0
0
123651889
0
0
30963093
0
0
3298275804
1
213535949
0
196479786
0
0
101329707
1
38871237
0
4894468908
1
15590302
0
447220528
0
0
85076790
0
0
951614074160205825
0
0
67472184
0
0
379341628
1
362564900
0
804518203221221377
1
38164621
0
270691135
1
334135935
0
3483759072
0
0
111501314
0
0
3827624772
1
1174256078
0
185861942
0
0
950307654
0
0
132731361
0
0
758660042182754304
0
0
986400863278256128
0
0
1016496013195010049
0
0
2861933075
0
0
86444881
0
0
715301784210771969
0
0
3374924259
0
0
736419731931049985
1
824730500917063682
0
56134487
0
0
139316058
1
19923515
0
773345939700510720
1
19095834
0
292353850
0
0
430050142
0
0
225512288
0
0
1011088629261852672
1
216436927
0
1677200227
0
0
318046754
0
0
115182440
0
0
1593953130
0
0
1027599211
1
258357392
0
150301548
0
0
973414085399367680
1
123731499
0
225586031
1
2223841798
0
1149848432
0
0
21711729
0
0
65463088
0
0
758606714
1
2478575257
0
129936252
0
0
856673149
0
0
448634005
0
0
289074049
0
0
256330626
0
0
204376966
0
0
570329991
1
164715111
0
197888904
0
0
86436745
0
0
557239178
0
0
181250955
0
0
102804366
0
0
859282120329510912
0
0
253020963
0
0
3015478162
0
0
869565551147921409
0
0
332983188
0
0
120204182
1
907392587274838017
0
230550423
1
778601476587302912
0
89303960
0
0
104311707
0
0
119155614
0
0
1008813460782796802
0
0
700563650520592384
1
2478575257
0
317467554
1
2757152671
0
118463643
0
0
824372697425604609
1
1007783192726827008
0
41698048
0
0
1267927976
0
0
365996969
1
18905975
0
1009501100746174470
1
293207494
0
1001182600348798977
1
143843372
0
606936838
0
0
42685108
0
0
59476917
1
960223233927712770
0
987952518
0
0
149630112
2
131398121
131398121
0
200166338
0
0
704496192764284928
1
179994668
0
131967942
0
0
203418569
0
0
1498434506
1
722946517
0
232729547
0
0
52292557
0
0
717147086
0
0
379909965
0
0
882023320325169152
0
0
1620814802
0
0
34274467
0
0
2523556820
0
0
413648718
0
0
1690020822
1
2478575257
0
580127908
0
0
347294684
0
0
3192706979
0
0
375753694
1
190367236
0
1491635167
1
904923304527581184
0
2828470096
0
0
1442606052
0
0
296381413
0
0
3021720551
1
4805165315
0
322644968
1
529481894
0
237439978
0
0
3423087783
0
0
50695149
0
0
768537850564452352
0
0
715757196534018049
1
909525958272544768
0
2408213490
0
0
199420915
0
0
120237044
0
0
827676602108669952
1
2478575257
0
68987619
1
896355708
0
2956987384
0
0
1885301755
1
748969511949328384
0
762547196
1
758348509926088704
0
63818752
0
0
72707009
1
3254341159
0
1406713003
1
253076999
0
1932250117
0
0
2881162246
0
0
818449418
0
0
66284555
0
0
3288001552
0
0
181488661
0
0
126744409
0
0
3243658266
0
0
336145436
0
0
1014579305660198912
1
37978929
0
4825861154
0
0
21138468
0
0
2223841798
0
0
847609009
0
0
2273553450
0
0
160772937
0
0
1013518044939812865
0
0
357952562
0
0
911311841401372673
0
0
226028598
0
0
354619914
0
0
106122302
0
0
1601928373
1
102551118
0
600594922
0
0
973048898
0
0
730546601958215680
1
340663665
0
996433732256100352
0
0
1152322632
0
0
125176431
0
0
740703399017107456
0
0
370469966
0
0
387820623
1
94495567
0
3105696849
1
2842042947
0
91966547
0
0
273452117
0
0
125701208
1
633828657
0
169266265
0
0
4831292506
1
8225692
0
216829019
0
0
119051398
0
0
535153760
0
0
974022696970412032
1
139866115
0
154750052
1
216829019
0
632327272
1
2183562164
0
4822658236
0
0
908904269763481601
0
0
109259887
0
0
29289584
1
964688814
0
128347250
0
0
118780435
0
0
258845814
0
0
390220919
0
0
201493641
0
0
238709885
0
0
1286548609
0
0
196676738
0
0
109651819
0
0
898646765641109504
0
0
967091965232852992
0
0
3213770978
0
0
69962890
0
0
949872796640907264
0
0
1597459597
0
0
99822734
0
0
187657372
0
0
258083998
2
258083998
287873300
0
1448938656
1
127383669
0
23268513
0
0
17517730
1
921469445557637122
0
932531364
1
334135935
0
888393671510503424
1
2595739767
0
161926310
0
0
289524903
1
176852177
0
220056745
0
0
183504042
0
0
720054112398618624
0
0
458853549
1
187657372
0
84184238
1
2478575257
0
2678197424
0
0
1103948978
1
2581260180
0
413052086
0
0
51154158
0
0
598772922
0
0
816679719403982848
0
0
1224027325
1
113555070
0
162908021
0
0
90467522
0
0
3222731
0
0
321984374
1
108966362
0
174329030
0
0
1959396000
0
0
123695524
0
0
927012642568458240
1
131967942
0
2550811854
0
0
273542351
0
0
176852177
0
0
241921234
1
18083276
0
135310548
0
0
3045092565
1
81523752
0
541281494
0
0
747877426819141633
1
747877426819141633
0
612924623
1
145104353
0
988918828791947264
1
245436140
0
1867861213
0
0
2442494232
0
0
493440225
0
0
1235725538
0
0
1587334376
1
334135935
0
111185129
0
0
946438643157291008
1
265988124
0
570674414
0
0
97283311
0
0
416722161
1
84885190
0
1911622898
0
0
181259509
0
0
771107463819124736
1
115182440
0
42888442
0
0
356734847
1
94429039
0
228609276
1
188589878
0
2663967997
0
0
36097278
0
0
762028946737209348
0
0
391602731
0
0
58970005
0
0
865549311630745600
1
79218321
0
3158002954
0
0
511012107
0
0
1005056356326559744
0
0
177696019
0
0
281050329
0
0
1420971288
0
0
796841706733928449
1
2544411834
0
822316316
0
0
144600351
0
0
3498110242
1
848385319
0
326315227
0
0
943602450291859457
2
245505853
245505853
0
860336576596979712
1
1007783192726827008
0
2362282545
1
111423456
0
633253164
1
824730500917063682
0
621210925
0
0
75099439
0
0
153554225
0
0
154406197
1
127885722
0
134922343
0
0
224382265
0
0
309074694
0
0
824999379631235072
0
0
347442497
0
0
150678850
0
0
2862738759
0
0
385625416
0
0
714209895038455809
1
913590949191831552
0
29803240
1
85840608
0
407162192
0
0
2474954065
0
0
2757619026
0
0
513781077
0
0
2821430344
0
0
520953060
0
0
717143937090125824
1
418932461
0
73518438
0
0
234127440
0
0
27954537
0
0
119524715
2
824730500917063682
824730500917063682
0
913590949191831552
0
0
963518478224363522
1
394156956
0
334998896
0
0
2899897713
1
3274350558
0
746016114
1
1629089220
0
70561314
0
0
896355708
0
0
2214677888
1
102551118
0
594881921
0
0
3025804523
1
78774089
0
276229508
0
0
171197878
0
0
1342683428
1
15590302
0
335490441
0
0
2286062988
1
89303960
0
896548505631809537
1
824730500917063682
0
152743310
1
152743310
0
472649105
1
94429039
0
40480146
0
0
2744926787
1
19095834
0
245943534
0
0
152325528
0
0
4680281498
0
0
160320924
0
0
189527962
0
0
219857477
0
0
1413377442
0
0
3883658660
0
0
1004470477446885376
1
15095537
0
4028624113
0
0
1956998568
1
94324983
0
110521769
0
0
3306254919
0
0
97938860
0
0
958082338604421121
1
195573033
0
4862078382
0
0
515955429
0
0
407088565
0
0
1517299615
0
0
960291883481272320
1
117517855
0
836864302845931521
0
0
1629089220
0
0
90197445
0
0
78679494
0
0
18083276
0
0
1525788110
0
0
266087888
0
0
747769297
0
0
197103059
0
0
788855428801261568
0
0
367906262
0
0
261058007
0
0
123077135
1
754225885
0
61679524
1
537663103
0
103697882
0
0
104615389
1
121505098
0
830466140547776512
1
115097171
0
269118076
1
24516380
0
738554592946847744
0
0
219045026
0
0
2246659560
0
0
2238657962
0
0
3362663914
0
0
2941644267
0
0
117640688
1
824730500917063682
0
57175540
0
0
987145845450706944
1
824730500917063682
0
1268944376
1
1109043811
0
118140410
1
260991480
0
352092245
1
541860301
0
755953153
0
0
233033221
0
0
924782583912710144
0
0
987848290669678593
1
67627719
0
123981320
0
0
588107274
1
114570540
0
170053131
1
789522564
0
2318003725
0
0
997152842883522561
1
169876319
0
221238028
0
0
1497239060
0
0
78122517
0
0
286510617
1
3290301301
0
57560602
0
0
572938159
0
0
120835612
0
0
1007628890
0
0
117517855
0
0
1947389472
0
0
1443769890
0
0
3041685027
1
115097171
0
1656393252
1
2471425400
0
1289633030
0
0
3254341159
0
0
2259177000
0
0
4349895260
1
987952518
0
1586860046
1
241152037
0
151186988
1
301921037
0
607702576
1
94429039
0
319907763
0
0
966201950
0
0
276106806
0
0
788008508
0
0
109342274
0
0
986251950453874688
0
0
126971460
1
824730500917063682
0
879897106655346688
0
0
714561291017392129
1
123651889
0
369110603
0
0
102551118
0
0
183774799
0
0
149204568
0
0
128549476
0
0
131231322
0
0
2947591773
0
0
983556981339381760
0
0
743779939
0
0
49483364
0
0
441249386
1
824730500917063682
0
81430069
0
0
1360301678
0
0
131618749
0
0
3039958611
0
0
161631859
0
0
16428661
0
0
166776438
1
747769297
0
3707580024
0
0
122525631
1
1001870650494025728
0
159985276
0
0
190869117
0
0
276250253
0
0
257633921
0
0
847293221805871104
0
0
2422853258
0
0
1218563695
1
15007299
0
162926220
1
2478575257
0
128675471
1
128675471
0
157585041
1
722946517
0
946501918356131840
1
824730500917063682
0
130567828
1
484717668
0
380612246
0
0
1499303575
0
0
2478575257
0
0
140496539
1
18905975
0
155717277
0
0
102657695
0
0
325250720
0
0
1921630832
0
0
550481570
1
3797618655
0
988239988604129281
1
2478575257
0
968477346650042368
0
0
787369638
0
0
1589342833
0
0
1109429928
0
0
139103913
0
0
116084395
0
0
2247782060
0
0
1004876109308203009
2
130261315
130261315
0
61553773
0
0
755535536
1
497758587
0
344927921
0
0
588818865
0
0
3299921705
1
720686354628222979
0
3107869822
0
0
1143107258
0
0
124823498
4
106962985
58299763
41698048
149204568
0
140299967
1
158768722
0
1658400450
1
1016028114797907968
0
33515467
1
196269550
0
712365588815978496
0
0
953327476293406721
0
0
544878282
1
187586888
0
345403083
0
0
307375821
0
0
130502350
0
0
21889656
0
0
2289037010
1
101291255
0
904109512688377856
0
0
783281876
1
884588455262597121
0
152358615
0
0
362564900
1
379341628
0
141009339
0
0
2863451868
0
0
705062003031810049
0
0
620521180
1
465788257
0
909301098355286016
1
262034876
0
2382663398
1
2382663398
0
3067940583
0
0
833720069465190401
0
0
714396284
0
0
165891362
0
0
245436140
0
0
17485551
0
0
493358833
0
0
146845430
0
0
121843448
1
137246816
0
243871481
0
0
106529407
0
0
174436095
0
0
170147115
0
0
208703237
0
0
922717736488263680
1
103184689
0
340000328
1
159681031
0
19656460
1
86634790
0
2948119853
0
0
266317585
0
0
1053110034
0
0
72437523
1
617220400
0
429764372
1
253720439
0
297791253
0
0
1928187672
1
1459903201
0
1929072409
1
111423456
0
148073775
0
0
1381723934
1
142262635
0
4906471199
4
903763094832340992
903763094832340992
903763094832340992
903763094832340992
0
1069477664
0
0
180588321
0
0
2203373346
0
0
151908132
0
0
944635199228391424
1
991920828
0
160705841
0
0
928380820443877377
1
798025579392016385
0
312422190
0
0
942976872815542272
1
282102351
0
1583583024
0
0
1011655591662620677
0
0
1169256242
1
115097171
0
196776709
1
494663219
0
861780659660042241
1
1174256078
0
2334256951
0
0
1623584568
0
0
302141241
0
0
884180422330077185
0
0
53841724
0
0
610374282
0
0
200658752
0
0
2659446594
0
0
849075941385043968
1
996433732256100352
0
70397769
0
0
876064586
0
0
100306767
1
67193265
0
94211923
1
90227660
0
792385609
0
0
3019067223
1
3019067223
0
252055387
1
111883036
0
937470269106610176
1
1006854605689577473
0
581750626
0
0
73559907
0
0
1009825667893121024
0
0
271720707
2
54115409
201493641
0
313741164
0
0
884772242638458880
1
710243881409839104
0
876220272
0
0
120123249
1
16837054
0
1601822730
0
0
237309814
1
142459534
0
268957247
1
114570540
0
1007783192726827008
0
0
937903741864464384
1
213400880
0
129568643
0
0
97513349
0
0
1017559043357933570
1
160705841
0
54259597
0
0
89853838
0
0
331337615
0
0
507981717
0
0
3074994070
1
124165495
0
2884688902
1
968564309130399744
0
131338139
0
0
2191643290
1
869517099688964097
0
260509598
1
2334256951
0
2757152671
0
0
255602592
0
0
258019233
0
0
999096106914144256
1
43566131
0
1733332903
1
1160766902
0
3385249708
0
0
64442285
0
0
915853231
1
334135935
0
167491571
0
0
3362741
0
0
2766860214
0
0
97357753
0
0
119517114
1
78679494
0
979530311125127168
0
0
1005554962267598848
0
0
922550139063095298
2
471841281
2795078067
0
833909408
0
0
8105922
0
0
107900869
0
0
259567558
0
0
958061811567341569
1
1174256078
0
768503754
1
128347250
0
948534523729465344
1
979069930506276865
0
157298639
0
0
220082128
0
0
50909139
0
0
149609806
0
0
1454125015
0
0
2750541784
0
0
102769316
1
124252642
0
367341530
0
0
19410907
0
0
821075670528823296
0
0
59002845
0
0
3797618655
0
0
111423456
0
0
1348087777
0
0
203329506
0
0
2520117221
1
248725806
0
190017511
0
0
419663848
0
0
115945449
3
115945449
115945449
115945449
0
2389889005
1
2389889005
0
10260462
0
0
10842792
0
0
381844819
0
0
318173172
0
0
2237042679
0
0
144997716
0
0
169652221
1
4832376214
0
465235966
1
69962890
0
711736294834049024
1
804756125157617665
0
944222000549154817
1
570674414
0
824730500917063682
0
0
139866115
0
0
898698614201077764
0
0
984240751671422981
2
115558650
115558650
0
938241690535591936
1
824730500917063682
0
36685825
0
0
915331198116917256
1
824730500917063682
0
149966857
0
0
91189258
0
0
187830283
0
0
54738859
0
0
982692963980660736
1
169876319
0
296529935
0
0
2291970064
0
0
1001632453545652225
0
0
57659412
0
0
393662485
0
0
3630395414
1
824730500917063682
0
142438424
2
1867861213
2411008925
0
3290648602
0
0
118378526
0
0
994961920246669312
0
0
868656997767446529
1
262392526
0
976195687300902912
0
0
4568672775
0
0
536866858
1
274087486
0
837130991764393984
0
0
219877421
1
188589878
0
3298619441
0
0
251837596
1
272236801
0
128380982
1
18224087
0
103979017
1
312398841
0
123662392
1
824730500917063682
0
118845497
0
0
169930810
1
105186569
0
830296123
1
830296123
0
33927228
0
0
92368957
0
0
52613182
0
0
2930722311
0
0
3422924866
0
0
825946382599077889
0
0
465788257
1
620521180
0
1220005964
0
0
1000190029
1
150027815
0
197914702
0
0
111126541
0
0
2836754513
1
108966362
0
185757778
0
0
2995114071
0
0
503328858
0
0
353941519
0
0
14258268
0
0
1049989213
1
273452117
0
23400542
1
188344561
0
2671652959
0
0
2675355744
0
0
336680976
1
824730500917063682
0
878364906898194434
0
0
784219997719695360
2
109621903
109621903
0
396328572
1
308815774
0
619223057
1
928585212086321153
0
3054989421
3
715077706388520960
715077706388520960
715077706388520960
0
847605870
0
0
2889691247
1
1454125015
0
1701249475
0
0
134967410
1
582809455
0
400740469
1
4832376214
0
250343542
0
0
205500535
0
0
2361905276
0
0
744255135602335744
0
0
4485748757
0
0
74453123
0
0
1097910294
2
75337415
125176431
0
704743018847408128
0
0
2600210567
0
0
738843072977633280
1
824730500917063682
0
966397134038847488
0
0
628076685
2
729234961
3437757574
0
874293700129681408
0
0
954943421474529280
2
215911714
106122302
0
2408042652
1
37978929
0
183406753
0
0
750064047643561985
0
0
4499001509
1
944597975896076289
0
948578473886576642
1
334135935
0
343871656
1
2478575257
0
958485322693791746
1
192414095
0
387387562
0
0
151728299
1
1017486819410284545
0
1631371082
0
0
2271269041
0
0
2469564594
1
189466981
0
780578995
1
415810385
0
1103925428
1
289074049
0
59879608
0
0
1016809653806694406
1
824730500917063682
0
4417278141
0
0
216436927
0
0
1226453184
0
0
828385263382564866
0
0
106791627
0
0
151285960
0
0
2568024265
0
0
771444417756442624
1
67627719
0
968353826
1
159547415
0
2538459343
1
94429039
0
141742288
0
0
112234711
0
0
875519742026579975
0
0
2407543003
1
982381894120681478
0
2816433530
0
0
609817296
1
308556516
0
3291989493
0
0
71626988
0
0
949622035323506688
0
0
179998960
0
0
83415281
0
0
552431858
1
174104147
0
131576051
0
0
1001536361369714688
0
0
175870200
0
0
771116528133672961
0
0
222212348
0
0
201404669
0
0
752696039195500544
0
0
969745576878370817
0
0
788219584390242304
1
169876319
0
983923358759899136
1
47753979
0
1247447084
0
0
808338458083258368
0
0
82678028
1
824730500917063682
0
4509282573
0
0
349868302
0
0
193103981
0
0
25423235
1
25423235
0
114823446
0
0
943534588743376896
0
0
703667717845422085
0
0
2715267360
0
0
104493345
0
0
131398121
0
0
798025579392016385
0
0
211344774
0
0
86634790
1
19656460
0
403009834
1
37717733
0
307973511
1
824730500917063682
0
840069270402883585
0
0
2283852079
0
0
1000948867439919105
0
0
1313983880
0
0
86176050
1
598772922
0
49877299
1
69962890
0
1056657720
1
69962890
0
178991417
0
0
3305713979
0
0
43381052
1
86085425
0
1424322877
0
0
363934016
0
0
85840608
0
0
127111490
0
0
231716621
0
0
2754695493
2
251189552
251189552
0
934069314084311040
0
0
1559572808
0
0
4289858956
0
0
729538123185696768
0
0
963293148
0
0
2928038223
1
755811981857320960
0
134009168
1
74532619
0
857485650
0
0
930634934888173568
1
159985276
0
308556516
0
0
720686354628222979
0
0
929189630427193344
1
354510518
0
153448802
0
0
804756125157617665
0
0
140530023
0
0
130330984
0
0
3039777129
1
154424987
0
195726738
0
0
61018481
0
0
415805812
0
0
37368181
0
0
147779959
0
0
320434552
0
0
703747371444760576
1
150832830
0
497758587
0
0
537682666
1
962832746111492111
0
750732868591165444
1
318722727
0
121606528
1
100282964
0
1011033271155806213
0
0
816688159656472577
0
0
1197848378
0
0
132698502
1
46503181
0
201740679
1
1858771579
0
27570569
0
0
804458019048325120
0
0
712042750909288450
0
0
47541656
0
0
88101267
1
2175990463
0
91640213
0
0
1552028054
1
245505853
0
743633306
2
245505853
245505853
0
85610907
0
0
715879965997277189
0
0
95080863
0
0
2374873506
1
247239087
0
19710051
0
0
339440036
1
190869117
0
1014869332038430720
1
429764372
0
2400743846
0
0
38687143
0
0
195670440
0
0
3012824476
1
334135935
0
148222380
3
148222380
148222380
148222380
0
958521924954611713
1
824730500917063682
0
247239087
0
0
2947069561
0
0
800472374667661312
0
0
2692370870
1
111883036
0
3395146167
0
0
167604665
0
0
43979194
1
92853049
0
138318267
0
0
1640878837
1
214705156
0
69054913
0
0
831306614233772034
3
831306614233772034
831306614233772034
29370428
0
95965639
0
0
3411264202
0
0
113365449
1
113365449
0
57496311
0
0
1653748172
0
0
186736425
1
8225692
0
132526548
0
0
471642581
1
471151645
0
63803862
0
0
108966362
0
0
1012156413660057601
1
1008196302499471362
0
1624797661
0
0
118256094
0
0
632599008
0
0
739910338712350721
0
0
124252642
0
0
212087267
1
212237453
0
324071910
0
0
24900072
0
0
2794746348
0
0
888784268918476800
1
863477464273649664
0
129962479
0
0
95719921
0
0
173355506
1
824730500917063682
0
401404404
0
0
984584695
0
0
101298680
1
162908021
0
79532543
0
0
1155740161
0
0
602828399
1
249764555
0
805509020274618369
0
0
58421765
0
0
812003019122425856
1
75099439
0
2273309191
0
0
2495156744
0
0
367137289
1
154424987
0
27963914
1
103338935
0
39888983
0
0
1543537578
0
0
1061335568
1
96867350
0
287437329
1
3483759072
0
312422930
0
0
120541955
0
0
28119572
0
0
986969707076087808
1
60613480
0
1016791950261997574
1
725029988278394881
0
1620324889
0
0
972804638
0
0
970866676320350208
1
1915504502
0
2701644320
0
0
809438610042798081
0
0
918506608673599488
1
582809455
0
946962684506988544
0
0
161420039
0
0
17481894
1
322859052
0
336056877
1
953327476293406721
0
97759790
0
0
1586172463
1
716363533
0
386355760
1
123077135
0
3786797832
0
0
114635314
0
0
2329604665
0
0
832007903213142018
1
61483126
0
920522889677496322
1
69962890
0
42317726
0
0
456102471
1
3313821289
0
852678962094407680
0
0
2706031372
0
0
7008842
0
0
93934157
0
0
193983054
0
0
243798607
1
61636241
0
100282964
0
0
313356890
0
0
604996367
0
0
819908410120556545
0
0
962785885
0
0
810783326
0
0
204544101
1
79218321
0
68489829
0
0
41456231
0
0
156111468
1
176070788
0
864184651761541120
1
85858373
0
472552047
0
0
963243398898515969
0
0
1580249713
0
0
213535949
0
0
998292166077231106
0
0
202338937
0
0
104665724
0
0
535638653
0
0
54989438
0
0
115839765
1
1947389472
0
779864512195207168
0
0
2363492459
0
0
732100684707942400
2
823285688888160257
823285688888160257
0
627118729
0
0
1564422794
0
0
1014906765459316737
0
0
1337701004
0
0
1073159618
0
0
109621903
0
0
934420956285669376
1
1653748172
0
1511977621
1
1511977621
0
350835354
0
0
103731869
1
111416958
0
1894675104
1
3095150182
0
1007530658
1
824730500917063682
0
835893272669212673
1
1864349071
0
318722727
0
0
158732968
0
0
1017200428830912518
1
1620324889
0
843913669914361856
0
0
93292053
1
179213908
0
195048109
0
0
582062766
1
582062766
0
49156893
0
0
231349704
1
231349704
0
174104147
0
0
4832793267
1
824730500917063682
0
339415732
0
0
175518390
1
185473327
0
626856633
0
0
191660831
0
0
200962748
0
0
258357392
0
0
229184190
0
0
259590261
1
142459534
0
3338354123
0
0
101937861
0
0
972623475994054656
1
1174256078
0
868696866
0
0
612029136
1
896158272557895680
0
137499348
0
0
188976590
0
0
703316711982764032
0
0
192942812
1
27954537
0
280877178
0
0
804795143220064257
0
0
65819429
0
0
520893152
0
0
939814352
0
0
96400100
0
0
899681034861727744
0
0
623399657
0
0
575623914
1
204647990
0
451687147
1
334135935
0
138081006
1
2560312981
0
248263350
0
0
769634247325917184
1
2863451868
0
500305363
0
0
243831540
0
0
2553656053
0
0
111866614
0
0
308286199
0
0
15495934
1
773646517714452480
0
923663515965157382
0
0
200225539
0
0
468071173
0
0
773694577735786496
1
710243881409839104
0
153580295
1
111423456
0
3376009992
1
268361752
0
86799113
0
0
346223645
0
0
301921037
0
0
1014698196910723072
1
7668952
0
3227456272
0
0
55078360
1
173130017
0
132207381
0
0
894031417914650624
0
0
2554729240
2
151885841
151885841
0
111883036
0
0
70988573
1
151908132
0
898943454516039680
0
0
311661345
0
0
841301417172295681
1
876685684077154304
0
1192022821
0
0
30749478
1
188589878
0
213889832
0
0
143648903
0
0
85709612
0
0
2570175282
0
0
93109725
0
0
1558238000
0
0
859657009
0
0
1013050308237328385
0
0
146608951
0
0
950244152
0
0
92853049
0
0
323833311
0
0
182620990
1
102551118
0
83211071
0
0
122778432
0
0
930001729
0
0
178852674
0
0
234083140
1
101291255
0
119018309
1
824730500917063682
0
212252812
0
0
961377622864351232
0
0
1017537659042840576
0
0
92861264
0
0
2502099768
0
0
119837523
0
0
343225145
0
0
34042712
0
0
253071691
0
0
770644111
1
271034888
0
596890460
1
291710923
0
196670301
0
0
494351200
0
0
714469634171396096
0
0
45888354
0
0
325311974
1
181984140
0
92063174
0
0
3418108780
0
0
129987438
0
0
160732016
0
0
291479016
0
0
71758708
0
0
83727221
0
0
21082999
0
0
3058750328
0
0
400716665
0
0
4336472954
0
0
584479611
0
0
1483821948
0
0
997113110828929025
1
1115874631
0
3098080127
1
830079077331648513
0
276796224
1
3797618655
0
155748127
0
0
406369155
0
0
3804836740
1
1011970356532432896
0
621450118
0
0
3003528549
2
67472184
67472184
0
391705481
1
817123157987495942
0
396882826
1
976195687300902912
0
99120011
1
7996522
0
2301825932
0
0
747326449170817024
0
0
869517099688964097
0
0
457487253
0
0
587060118
0
0
297161623
0
0
133051204
0
0
762824941058285573
0
0
1011671327164583936
1
50695149
0
515560351
0
0
3350696865
0
0
264516514
0
0
831252083705802753
0
0
24294313
0
0
42832810
0
0
14390187
0
0
297333679
1
1620648822
0
804852362577907718
0
0
81105844
0
0
3219698614
0
0
103338935
0
0
3579302842
0
0
3366835131
0
0
194352060
0
0
1571812286
1
2229275188
0
39392193
0
0
694913906721058818
0
0
18248645
0
0
64598982
0
0
581449889
0
0
1008959842772537344
0
0
2803285997
0
0
139506637
0
0
840609653591556096
0
0
825563214297624576
1
624878188
0
129692629
0
0
753546199
0
0
2478520484
0
0
4019988502
0
0
539382747
0
0
112694236
0
0
2809066468
1
4805165315
0
1101617318
0
0
185303889
0
0
205534186
0
0
1970320363
0
0
842666990
0
0
167105519
0
0
813389756285460480
0
0
249779185
0
0
1245033458
1
334135935
0
4005802995
0
0
474648844
1
27570569
0
312398841
0
0
1077359611
0
0
834712573
0
0
3305296894
1
136527975
0
1359410180
1
1101617318
0
140989445
0
0
770019300035952640
0
0
201962504
1
1620648822
0
179770199
0
0
379909133
0
0
927392897170837504
1
54989438
0
2192552975
1
2192552975
0
982096376694587392
1
293207494
0
291509269
0
0
96867350
0
0
431649816
0
0
221066268
0
0
471151645
0
0
178017310
1
336145436
0
142179845
0
0
41407521
0
0
539262295
1
821367295394070528
0
59798563
0
0
837108337997152257
1
216393276
0
54711333
0
0
191719601
0
0
81523752
0
0
313119786
2
356492772
824730500917063682
0
1277719596
1
336291234
0
951986354
1
146608951
0
386126894
0
0
545618604
0
0
958723123
0
0
141456438
0
0
828452950825525248
0
0
415913016
0
0
879482960000503809
0
0
1157796926
0
0
766362444142903298
0
0
162217935
0
0
213832775
0
0
1881822283
0
0
1426772834
0
0
68998222
1
40018037
0
2270051
1
183755508
0
17347668
0
0
301003861
0
0
1955231929
0
0
3669070937
0
0
1367011328
0
0
1365734492
0
0
1686656095
0
0
96490593
0
0
1850397794
0
0
1149285475
0
0
407532644
1
955207503490379776
0
715949623278485505
0
0
618566760
1
1360027729
0
1075606634
0
0
1017525680232419328
0
0
117142639
0
0
214160498
1
810285751
0
1007033875
0
0
187435198
0
0
612775277
1
289170903
0
194319481
0
0
2418306671
1
824730500917063682
0
2363097962
0
0
289789054
3
289789054
289789054
289789054
0
278000767
1
67673730
0
377173121
0
0
171299971
0
0
995521548386734080
0
0
324123393
0
0
2651427980
0
0
94213264
1
494351200
0
228381841
1
755811981857320960
0
139187346
0
0
4701140116
0
0
81612313
0
0
184906904
0
0
868619120
0
0
2416284834
0
0
943807486276046849
0
0
950870385431588864
1
1004511217069772801
0
3310040230
0
0
1433244840
0
0
1001308797804122112
0
0
2342433972
1
2844487971
0
98997429
1
98997429
0
138228918
0
0
841571722444824576
0
0
836572350
0
0
1417442496
1
1949894742
0
960223233927712770
0
0
170366148
0
0
852689977725079553
1
163111670
0
1051555015
0
0
1014755670808199168
0
0
725026030931595264
0
0
3267376334
1
113555070
0
360921455
1
755811981857320960
0
3056760023
0
0
355013850
0
0
225522907
1
115558650
0
3193713884
1
190760103
0
257119453
0
0
1017584347883409411
0
0
939869073751597056
0
0
559936741
0
0
2800601297
0
0
759364749897314304
0
0
2597295342
0
0
44766447
0
0
78851624
0
0
129979634
1
102657695
0
38871237
0
0
772657777185583104
1
824730500917063682
0
101291255
0
0
840690354777145346
1
34982504
0
923962482779131904
0
0
1528714496
1
4889381914
0
4822947075
0
0
820168442418524161
0
0
180212998
0
0
2411008925
0
0
735127234680389632
0
0
145090775
0
0
46503181
0
0
2573251855
0
0
498693393
0
0
2950460693
0
0
110269718
1
90197445
0
505792729
0
0
920638734177112065
1
798025579392016385
0
1055610138
0
0
1015747249207414789
1
94429039
0
827725086
0
0
354017332
0
0
809923873
4
809923873
156354162
156354162
996433732256100352
0
555193634
0
0
1928811619
0
0
287873300
0
0
848385319
1
3498110242
0
128038293
1
953401561757179905
0
195573033
0
0
754088740684005376
1
45910599
0
114570540
0
0
165172525
0
0
1013962033
0
0
89792463
0
0
3048092981
0
0
125891465
0
0
1838527801
0
0
712897004993536000
0
0
231085373
1
259931958
0
83678526
0
0
2975175999
0
0
190649665
0
0
273765259
0
0
1969911109
1
167100466
0
161346887
0
0
960694813170466816
1
177341382
0
234446391
0
0
937837491515740160
1
111416958
0
59561295
0
0
82515284
1
1009609654303907840
0
262867601
0
0
127661401
1
85076790
0
56431247
1
47978697
0
295769437
0
0
359585118
1
53011119
0
188831553
0
0
916157792
1
190760103
0
67401059
0
0
595694948
1
94429039
0
1717623014
0
0
3121878377
0
0
63763818
1
14834302
0
1540257133
1
165616919
0
58299763
0
0
247952757
1
1597459597
0
2471425400
0
0
1115166073
0
0
1466094972
0
0
157816189
0
0
1896125822
1
2478575257
0
145036671
1
109651819
0
355005824
0
0
989025666
0
0
19387780
0
0
1541796758
1
59002845
0
955099895098159104
0
0
2314671495
1
2568024265
0
3434861962
0
0
61115470
0
0
3665704334
0
0
1864349071
0
0
33973144
0
0
727520658
1
3365034556
0
1007047896221528065
0
0
927358526816743424
0
0
249235694
0
0
4832376214
0
0
716363533
0
0
484447641
0
0
129422747
0
0
834140119972069377
0
0
890790472230240256
0
0
972230917732347905
0
0
76936613
0
0
72891765
0
0
308114856
0
0
574106183
0
0
465180075
0
0
368874926
0
0
964891679252779010
0
0
816579901
0
0
1348279880
0
0
1618564532
0
0
850061067342315521
0
0
3376756150
0
0
2560177592
1
294774577
0
262034876
0
0
150738368
1
265945808
0
875827185499680770
0
0
377492932
1
169266265
0
2695206342
0
0
421417889
0
0
2381052228
0
0
3234862539
0
0
1311659468
1
8225692
0
121779106
0
0
1013764706262306816
1
896158272557895680
0
2942268884
0
0
76041806
0
0
825053615253360640
0
0
3622770137
0
0
898985003354378241
1
973924351086129152
0
148826362
0
0
132527585
0
0
1436603874
1
8044452
0
185447080
0
0
551507430
0
0
160347624
0
0
714238464904929280
0
0
305684050
1
114924096
0
196269550
0
0
307328495
0
0
715752228523483136
0
0
160339442
0
0
115097171
0
0
51041781
0
0
116626941
0
0
2925121328
0
0
574150146
0
0
60175275
0
0
823285688888160257
1
732100684707942400
0
715077706388520960
3
3054989421
3054989421
3054989421
0
61806090
0
0
205075979
0
0
876787970
0
0
25253390
0
0
210548240
1
34713362
0
148239890
1
80612078
0
1360344601
0
0
963607308730281989
0
0
25345626
0
0
493188638
0
0
2358081055
0
0
237000225
0
0
3385856457
1
908904269763481601
0
701214076270198785
1
1559572808
0
890391505558482944
0
0
713422374
0
0
69555752
0
0
868481497514336256
1
943209412394700800
0
16676396
0
0
220067378
0
0
494663219
1
196776709
0
443774516
0
0
928585212086321153
0
0
2425967510
0
0
798977709552570369
0
0
1056740922
0
0
1014741235112792065
0
0
61921332
1
824730500917063682
0
163331450
1
2478575257
0
930123265942720512
0
0
203675201
0
0
703582476321603586
2
3907749398
3907749398
0
927628453805002752
0
0
33150536
1
824730500917063682
0
1958352458
0
0
1015697821952036864
0
0
86373964
0
0
147445326
1
121323116
0
350524362
0
0
983779550369861632
0
0
179213908
0
0
738965078
0
0
3331929689
0
0
2340640352
1
557239178
0
246412898
0
0
756957707161235457
0
0
185296718
0
0
154656358
0
0
4663498344
0
0
856249962
0
0
177845867
2
123681659
123681659
0
512398958
0
0
608589430
1
245505853
0
1393505911
1
195048109
0
533837432
1
76936613
0
84219513
1
90197445
0
2890045053
0
0
111416958
0
0
537663103
0
0
1311504000
0
0
155080321
1
908851838
0
383440514
0
0
381212291
0
0
1006304797438431232
1
334135935
0
1016424022521909251
1
40131441
0
63886987
1
2664865300
0
739399309
0
0
2408953486
0
0
1370814096
0
0
191116947
0
0
45717140
1
334135935
0
154424987
0
0
2996156060
1
104665724
0
134591429
0
0
32994976
0
0
230733473
0
0
970525959286939648
0
0
1008734288148353025
0
0
978042975740669952
1
45499590
0
2876683943
1
58039100
0
1545877160
0
0
45897199
0
0
2969921224
0
0
963455893328334849
1
3237951406
0
189397277
1
822316316
0
301602481
0
0
199808690
1
24200281
0
78304947
0
0
1258387124
0
0
518141622
1
3434861962
0
160945851
1
824730500917063682
0
928732861
0
0
938237001811333120
1
16676396
0
1965995712
0
0
18872608
0
0
921469445557637122
0
0
1239905988
0
0
238245577
0
0
192378571
0
0
2315913506
0
0
709559245
0
0
149100241
1
4613816439
0
273987282
0
0
781665149501468672
0
0
270399191
0
0
61306584
0
0
275282212
0
0
775490276395810816
0
0
967489235128373249
0
0
1321277150
1
115097171
0
466626335
0
0
997436254529708032
1
111883036
0
863278820
0
0
1510790886
0
0
204647990
0
0
1002386782871277569
1
15590302
0
3188283117
0
0
14401149
0
0
15095537
0
0
14071538
0
0
359749367
0
0
69777146
0
0
143919434
1
150832830
0
733685409029476356
0
0
178089622
0
0
911776394522320896
2
747141979662778369
4488217998
0
101963527
0
0
4237170443
0
0
134977293
1
123681659
0
1000213482283978752
1
604988212
0
374830868
0
0
280229654
0
0
541860301
0
0
487823131
0
0
24516380
0
0
2565986077
1
76041806
0
323688225
2
390356716
6773062
0
1703149765
0
0
988159828525768705
0
0
2405531270
0
0
3923286321
0
0
214243112
1
61483126
0
166721323
0
0
966146007976341504
1
69555752
0
331577133
0
0
183206877
0
0
4905382391
0
0
93460274
0
0
199169847
0
0
939903738927566854
0
0
951940824614490113
0
0
14333756
0
0
1935742783
0
0
93127648
0
0
925812593012432898
0
0
2174457667
1
3290301301
0
887675717974097920
0
0
2532898634
0
0
1288705867
0
0
343840588
0
0
710253618310598656
0
0
1118230350
0
0
66451279
1
954461810123472896
0
288495443
0
0
718290374230437888
1
775490276395810816
0
627619670
0
0
148322137
0
0
989185699533479936
0
0
340596580
1
493224965
0
1594393987
1
1881033158
0
721399749639675904
0
0
582809455
1
117708901
0
4717768942
0
0
52541299
1
858930439586795526
0
479926134
0
0
253720439
0
0
197793657
0
0
1859442554
1
771107463819124736
0
1014577397147029506
1
3274350558
0
863571549571477505
0
0
121149313
0
0
65549291
0
0
121491094
0
0
721703024893292544
1
781665149501468672
0
1494644617
0
0
135526282
0
0
155613074
0
0
22219075
0
0
2467870616
0
0
933115801
0
0
1348106138
0
0
2161406959
1
225090988
0
1008929373439844357
0
0
850507164737314817
1
850507164737314817
0
2741163934
1
465193633
0
2175760287
0
0
1492285345
0
0
49207203
1
82050536
0
788482548284452865
0
0
1000216442346844160
1
161346887
0
186996646
0
0
348116906
0
0
808528605588455424
1
808528605588455424
0
3237951406
0
0
73272989
1
101291255
0
1531665858
1
108740292
0
446093235
1
245943534
0
1017556771974545409
1
94429039
0
228723979
1
109651819
0
302151609
0
0
972961722
0
0
3036739515
0
0
150812605
0
0
985347155643830272
1
824730500917063682
0
1289809568
0
0
709818306
0
0
482473926
1
9633802
0
267681441
1
79218321
0
717947367207600128
0
0
192690121
2
115097171
115097171
0
355809231
0
0
44048035
1
976313712725311488
0
991984608932782080
1
183408601
0
41416662
0
0
183408601
0
0
113424346
0
0
35832826
0
0
704290770862350337
0
0
132667359
0
0
524531680
0
0
352679906
0
0
356954405
1
4805165315
0
2171181032
1
190396895
0
1209710569
1
901108766
0
834940350670258176
1
3350696865
0
940102132979527680
0
0
66115571
0
0
755811981857320960
0
0
409319414
0
0
300668922
0
0
1488885756
0
0
839845335363043329
1
824730500917063682
0
738900796214018048
1
340663665
0
2207995912
0
0
3011598345
1
115097171
0
123619855
1
120349863
0
25401359
0
0
32454672
0
0
140650840
0
0
78182419
1
3048092981
0
994910671493058563
0
0
996469401959493632
1
494224176
0
214705156
1
1640878837
0
314085039
1
75883996
0
81688605
0
0
1690449950
1
79218321
0
567826465
0
0
737804116789956608
1
824730500917063682
0
821239399132364801
0
0
896538661
1
334135935
0
845472615099715584
1
354619914
0
1250080808
0
0
463517737
0
0
177453100
1
188589878
0
85909170
0
0
1911961652
0
0
4252792885
0
0
744871937436954624
0
0
1479800888
1
191154210
0
1005101407307829249
1
96873338
0
789832225604956166
0
0
594401340
1
2467870616
0
127924286
1
94429039
0
2750969919
1
79218321
0
293861440
0
0
891022385608097796
1
1360344601
0
1967773765
0
0
799610811329212416
0
0
3068893256
1
2478575257
0
103675977
1
2809906864
0
238417996
0
0
1355662892
0
0
128615437
0
0
2822985808
0
0
254138455
0
0
191928408
0
0
1126594650
2
1126594650
1126594650
0
1931581532
0
0
55990367
0
0
137246816
0
0
943281456838795264
0
0
67237988
0
0
117708901
1
582809455
0
834200708
1
37978929
0
716395027405148160
1
710243881409839104
0
787840506537607168
2
118463643
118463643
0
276740209
1
200166338
0
127383669
0
0
586623979
1
213720520
0
2595739767
0
0
76121745
0
0
997661986606452736
1
2467870616
0
4384962687
1
142295586
0
70260864
0
0
274479235
0
0
88254283
0
0
183268374
0
0
780308159416176640
0
0
118085767
0
0
247544172
0
0
40261771
1
40480146
0
587823244
0
0
38164621
0
0
2784188781
0
0
513865872
1
181984140
0
902937657579147264
0
0
953401561757179905
2
2864055513
128038293
0
263805295
0
0
1645697185
0
0
823753602942570497
0
0
223328422
1
351738132
0
74479783
0
0
200693928
1
391602731
0
75337415
0
0
204961966
1
94429039
0
256983165
0
0
188168368
0
0
473497288
0
0
210663604
1
722946517
0
1863555253
0
0
195956425
1
243871481
0
965669679447625731
1
140530023
0
785858284158849025
0
0
148879546
1
106122302
0
53106875
0
0
256555381
0
0
310171842
0
0
199276740
0
0
503396553
0
0
269940940
1
76936613
0
4219566285
1
97283311
0
450834125
0
0
2584770768
1
1311504000
0
843782353
1
2560312981
0
443884579
0
0
1876359380
1
2205328350
0
61525710
1
248888048
0
843315493238923264
0
0
2693920988
0
0
135198942
1
824730500917063682
0
14874850
0
0
2518554854
0
0
815389986
0
0
624941293
0
0
896158272557895680
0
0
700854314143719424
1
111416958
0
187660531
0
0
1003108596
1
843471724888932353
0
1925003509
1
101291255
0
463067382
1
1174256078
0
246855928
0
0
4409233108
0
0
789723392
0
0
863477464273649664
0
0
716372948672782336
0
0
238283137
0
0
327186696
0
0
2206416599
1
336145436
0
160749839
1
324985239
0
524892433
1
771107463819124736
0
999115874278748161
0
0
351738132
0
0
950780536812908544
0
0
145946905
0
0
102799642
0
0
1514147504
0
0
71024346
0
0
1614338334
0
0
73021728
1
557239178
0
584341793
0
0
1692850466
0
0
919639068002213888
1
221066268
0
722421622389547009
0
0
16570663
0
0
974480330722865153
0
0
625121581
0
0
185473327
0
0
3131160880
0
0
103184689
0
0
105011506
1
2671652959
0
352863283
1
387387562
0
204413238
0
0
92365876
0
0
817123157987495942
0
0
2502262495
0
0
58022204
1
403615725
0
349026621
1
848445451
0
1012472600214298624
1
1444067814
0
231536965
0
0
6773062
0
0
504838471
0
0
187586888
0
0
143456585
0
0
618633548
1
989185699533479936
0
973626289016983552
0
0
2236823886
0
0
59103568
1
824730500917063682
0
88398161
0
0
1377999187
0
0
865658412893220864
0
0
822294871
0
0
122796376
0
0
2236848480
0
0
82463120
0
0
190323042
0
0
418199907
1
308815774
0
158062948
0
0
287422821
0
0
1382168934
0
0
44063079
1
96443522
0
463269607
0
0
1314610368
0
0
973302964579393537
2
55990367
55990367
0
194738543
2
95684520
95684520
0
131144050
0
0
136059252
1
484447641
0
87120245
0
0
266836342
0
0
2736871799
1
355809231
0
964576218212458496
1
3411264202
0
187505020
1
25992212
0
948391841124225024
0
0
804920644349661184
1
804920644349661184
0
179190149
0
0
73234824
0
0
83451628
1
150832830
0
2485705098
0
0
887452815521722368
0
0
622172559
1
156397425
0
972972718672044033
1
25345626
0
348084626
1
293870517
0
85006739
0
0
801612803064950784
1
824730500917063682
0
757586330
0
0
869954529533583360
1
824730500917063682
0
164968861
0
0
359741854
0
0
3208681887
0
0
415644065
0
0
147346969
2
84230350
84230350
0
1000395846
1
1157796926
0
20560294
0
0
3153328485
1
308815774
0
2319260073
0
0
587061676
1
2775122912
0
3366533549
0
0
160029102
1
3038299050
0
475330991
0
0
145701296
0
0
101857713
0
0
3656817074
0
0
898256001865924608
0
0
487793737
1
190760103
0
866380306135306241
1
35668050
0
735112969240084480
0
0
1973893572
0
0
1378933153
1
2750541784
0
885425524096499712
0
0
330136009
2
269165540
269165540
0
1395030475
0
0
2737666509
1
157616104
0
1174256078
0
0
700794555617013760
1
187660531
0
400447957
0
0
803641814
0
0
118495704
0
0
3132914137
0
0
4520860127
0
0
838588896
1
111185129
0
76757476
0
0
106502630
0
0
41433575
0
0
245160425
1
270592739
0
115423722
1
150832830
0
1015668089072078848
1
52406250
0
1003128917430022144
0
0
60193270
0
0
82962857
0
0
872546021540286464
0
0
821367295394070528
0
0
1003133438
0
0
204076117
1
94429039
0
2888931840
0
0
193567233
0
0
17693186
0
0
2777184771
1
781665149501468672
0
836382021492621312
0
0
124329729
0
0
149993993
0
0
91740682
0
0
328112651
0
0
142465551
1
465180075
0
884588455262597121
0
0
80239022
0
0
827972119
1
334135935
0
1667430829
0
0
845383292895576065
0
0
927150611333820416
1
535153760
0
931999922844344320
0
0
3327662632
0
0
182965340
1
67627719
0
262297189
0
0
3438123563
0
0
733732854484586496
1
880559212820144131
0
133184048
0
0
127982133
0
0
1883527734
0
0
202824247
0
0
112063583
0
0
3365034556
0
0
3097147966
0
0
397539903
1
214296007
0
114924096
0
0
252115521
1
76936613
0
190347843
0
0
45013575
0
0
3310107208
1
3395146167
0
425007543
1
1003133438
0
109648460
0
0
215448141
0
0
109509198
0
0
987732498959491073
0
0
215095888
1
37730751
0
415586898
1
34744026
0
201249891
1
19343904
0
245922391
0
0
484717668
0
0
712355295381610496
0
0
877483185696886784
0
0
171686501
0
0
164715111
0
0
69327466
0
0
221128100
0
0
237345388
0
0
34713362
0
0
251189552
0
0
253434481
0
0
981021619358486528
0
0
2740329077
0
0
4732320376
0
0
1858771579
0
0
910312781613797376
0
0
14834302
0
0
456686207
0
0
152205953
0
0
754225885
2
123077135
123077135
0
3888118403
0
0
2235021957
0
0
1011970356532432896
1
3804836740
0
380992135
1
188589878
0
102767241
0
0
1017486819410284545
0
0
4527987340
0
0
482400910
1
563977799
0
280214163
1
386126894
0
124172948
0
0
57383574
0
0
108092055
0
0
472586904
0
0
3433192090
0
0
1460012143
0
0
2736315038
1
129962479
0
99310240
0
0
1007317718805049344
0
0
726297672089522176
0
0
987169901545738241
0
0
881642395355492352
1
4488217998
0
1131092646
0
0
100391591
1
150832830
0
119544490
0
0
162138567
0
0
361036460
0
0
274012849
0
0
195886878
0
0
810285751
0
0
2264128184
0
0
141744827
1
386132244
0
1413528254
0
0
2175990463
0
0
950612228641869826
2
781665149501468672
781665149501468672
0
514845131
0
0
164510406
0
0
1011331983300014081
1
222212348
0
249764555
0
0
564107980
0
0
869645987505164288
1
188589878
0
421665486
0
0
4779612621
0
0
149035470
0
0
138050262
0
0
1015656548956360705
0
0
725777399938347008
1
2600210567
0
153546533
0
0
922655456
0
0
1459903201
0
0
1195375332
0
0
191609573
0
0
282155750
1
188589878
0
4750629607
0
0
396221247
1
241152037
0
282983145
1
14834302
0
935127506
0
0
609221358
0
0
343745661
1
3188283117
0
248888048
0
0
299055859
1
299055859
0
1463456894
0
0
279624439
0
0
569289172
0
0
29653756
0
0
829012574553460740
0
0
2351717119
1
757840926
0
2970909441
1
53106875
0
73063172
0
0
759960195451805696
0
0
1451416327
1
845383292895576065
0
150733001
0
0
959206579945033729
0
0
175758092
0
0
266061933
0
0
177355537
0
0
944597975896076289
0
0
400169748
0
0
97565461
1
259899376
0
1017232293142949888
1
334135935
0
4092795671
1
308815774
0
4731331716
0
0
500022042
0
0
938243247310327813
1
3365034556
0
811007316405456896
0
0
350862112
0
0
2375552816
0
0
847896529415397377
0
0
1628584741
1
524531680
0
86085425
0
0
1005863864951558146
1
1174256078
0
352058154
1
799131828
0
1428483890
0
0
201153333
0
0
67673730
0
0
2362325817
1
491677624
0
858930439586795526
1
36553896
0
190396895
0
0
58039100
1
187657372
0
1015960889198088192
0
0
882504204492955650
0
0
2764776587
0
0
142433093
0
0
157522862
0
0
92294811
0
0
465908876
1
2671652959
0
223509322
0
0
951633745790033921
0
0
4670839632
1
114635314
0
163204920
0
0
1120934738
0
0
622082899
0
0
337468244
0
0
94479502
0
0
127662934
0
0
99834712
0
0
703920477669093376
0
0
912137923998470145
1
824730500917063682
0
3399428523
0
0
169876319
0
0
66247525
0
0
187661158
0
0
189250407
1
69962890
0
1063140200
1
972804638
0
942089059555512321
0
0
14113646
0
0
2594061167
1
836382021492621312
0
40131441
0
0
244218738
0
0
148372339
0
0
18905975
0
0
329926598
1
337833550
0
73307284
0
0
444946438
0
0
123681659
0
0
543046524
1
136806268
0
966095563996434432
1
824730500917063682
0
761374314004439044
0
0
109730687
1
91711692
0
602512256
1
61483126
0
499358594
0
0
587021188
0
0
917584488133259264
0
0
181984140
0
0
986255467340029952
1
121471781
0
976313712725311488
0
0
167828369
0
0
555263781
0
0
897245975923879936
1
315220400
0
2161843096
1
64442285
0
142039962
0
0
394156956
0
0
731560861
0
0
236977054
1
331577133
0
949050271
1
2570175282
0
37831835
0
0
901274571319504897
0
0
573217702
1
308286199
0
389553067
0
0
964688814
0
0
3709172656
0
0
2835561395
0
0
293870517
0
0
98188216
0
0
62585788
0
0
630627261
1
341094404
0
156498878
0
0
234888128
0
0
114998209
0
0
138017730
0
0
48847813
1
133051204
0
951990081270710272
0
0
288250825
0
0
259972043
0
0
313547729
1
313547729
0
768474691
0
0
1613963288
0
0
166288344
0
0
4074648740
1
24969337
0
37752655
0
0
702269684641566720
0
0
1555612837
0
0
133969062
0
0
120349863
1
123619855
0
1017622576770797568
0
0
491772610
1
1174256078
0
120945652
0
0
876788725
0
0
49857705
0
0
171219963
0
0
523795456
0
0
136395264
0
0
84515844
0
0
879908277458534400
1
329473753
0
471841281
0
0
46259209
0
0
36559885
0
0
1853217806
0
0
19889168
0
0
521698322
1
263805295
0
863003447251087361
0
0
25992212
0
0
67091477
0
0
1015351792455086080
1
14834302
0
2382584857
0
0
988857772375764997
0
0
973924351086129152
0
0
49339195
0
0
198949920
1
710243881409839104
0
279348400
1
520953060
0
12540962
0
0
1414475611
1
126944103
0
811445110370172929
1
1569063852
0
942953825211629569
1
2478575257
0
43236393
0
0
421444651
0
0
2632124936
1
41698048
0
212958261
0
0
293788726
0
0
1188305977
1
36685825
0
1160485946
0
0
969230838008303617
0
0
249355324
0
0
290815037
0
0
854896660333428738
0
0
992744804013477888
0
0
17622198
0
0
954461810123472896
0
0
144374857
1
191928408
0
4115692618
1
187548006
0
43998283
0
0
490355842
0
0
3385072719
0
0
54115409
0
0
2925219037
0
0
527827351
0
0
389708886
0
0
987095839024836615
0
0
68017241
0
0
300989530
1
204242624
0
36600923
0
0
2557353055
0
0
757840926
0
0
850730083
0
0
87751781
0
0
433445995
0
0
969953161015431168
0
0
861290209941606400
1
265945808
0
106191985
1
151626340
0
191945298
0
0
3209857503
1
53011119
0
773200396449832960
0
0
137739385
0
0
1023401084
0
0
934568785259958272
0
0
1699789950
0
0
391768597
0
0
96443522
0
0
128670851
0
0
973942863947075584
0
0
786718395484008450
0
0
221912200
0
0
217280364
1
398760061
0
166861964
1
237062144
0
212237453
0
0
185408656
0
0
239246482
0
0
1699511443
0
0
62626964
1
2478575257
0
100367509
0
0
1003322355471380483
1
243871481
0
91929755
0
0
818682809070092293
0
0
73981088
0
0
4829830306
1
724068547111084033
0
202153123
0
0
934970489595990017
1
847605870
0
166241478
0
0
189603189
1
3797618655
0
764583080
1
115097171
0
776107875059904512
0
0
103963822
0
0
2224676016
0
0
981769393
0
0
1542315186
1
94429039
0
166993075
0
0
1031445684
0
0
2771582133
0
0
991042168298012673
1
157298639
0
1005964146805018624
1
1113636481
0
1361804480
0
0
941931385484447749
0
0
1011649564619804674
0
0
156138691
0
0
143547590
0
0
857931441568612352
0
0
1653961
0
0
343497931
1
177696019
0
562079964
0
0
1398725838
0
0
725029988278394881
0
0
434068688
0
0
153590993
0
0
570233802
0
0
192601977
1
69962890
0
772677828730949632
1
1434543613
0
227002916
0
0
340688090
1
710243881409839104
0
893528201477148672
1
334135935
0
927563012059402243
0
0
920359837711654912
1
274012849
0
132357346
0
0
170835171
0
0
3192503524
0
0
735969138972196864
0
0
397032682
0
0
77879847
1
622082899
0
1885002991
0
0
164846833
0
0
854784383982723072
0
0
944760364029349888
1
824730500917063682
0
94428416
1
91208465
0
758348509926088704
0
0
159898883
0
0
334871812
0
0
906769775447220224
0
0
185236746
1
190760103
0
270384395
0
0
276987148
1
37831835
0
3296298200
1
3296298200
0
619429138
1
232729547
0
74816788
0
0
165616919
0
0
1017209666550599685
0
0
767444670561587200
0
0
112319778
1
4520860127
0
961574107
0
0
913438366984806401
0
0
1058964625
1
276229508
0
255352107
0
0
133083474
0
0
1010986977221644289
0
0
265278123
1
415644065
0
4799175983
2
3170574713
208703237
0
213400880
0
0
954940723
0
0
1010437108803268609
1
790921536
0
2964217145
1
961313341678538758
0
151885841
0
0
498097470
0
0
829411610406051840
1
3883658660
0
1099939141
1
574150146
0
1960787274
0
0
1664179531
0
0
18398540
0
0
979771099029352449
0
0
352042318
0
0
4163353939
0
0
3314408788
0
0
130219349
0
0
335281062
0
0
17595740
0
0
909890512538107904
0
0
880559212820144131
0
0
935818006042697728
0
0
2554879334
1
84515844
0
594779499
0
0
938268226970144768
1
2560213411
0
1010940230965301250
0
0
340663665
0
0
168557941
0
0
124165495
0
0
543882618
0
0
30784893
0
0
1314606997
0
0
4463989995
0
0
47693007
0
0
391626117
0
0
890070960770101248
0
0
522492797
1
64790164
0
133438858
1
463517737
0
1648631179
0
0
2270739852
1
896158272557895680
0
419626381
0
0
804294647120035840
0
0
3132227154
0
0
226188693
0
0
957006836481355776
0
0
100654487
0
0
126741060
0
0
308764065
0
0
881655621933838337
0
0
733857994463686656
0
0
1017172052422418433
1
243871481
0
4914978219
1
191154210
0
165446669
1
2735914867
0
215014829
0
0
1607294382
1
725029988278394881
0
67935673
0
0
59760059
0
0
883163377920610304
0
0
52616641
0
0
43269570
1
151635175
0
293207494
0
0
876589617029447680
0
0
621944266
0
0
79582644
1
1881822283
0
729041316206792704
1
929183064252665857
0
1532558798
0
0
103103960
0
0
1162207140
0
0
371400156
1
4805165315
0
56376797
1
54289553
0
818949228974243840
1
824730500917063682
0
145104353
0
0
42753508
0
0
67091942
1
1631371082
0
82050536
0
0
2238281060
0
0
1733180906
0
0
258535335
0
0
3236421100
0
0
37857874
0
0
2309201390
2
4824875320
4824875320
0
890578373231206401
0
0
234544626
1
415232412
0
145979987
0
0
911047022148452352
0
0
959136004178243584
1
419626381
0
3091979776
2
3433192090
3433192090
0
615901446
0
0
368598531
0
0
2942385669
0
0
95796743
0
0
151133706
0
0
9264652
0
0
44401922
0
0
1499946510
0
0
971770898406690816
0
0
729234961
0
0
22437394
0
0
534762755
0
0
2664865300
0
0
101760537
0
0
196874159
1
3291989493
0
2842042947
0
0
88514078
1
3290301301
0
1042982191
0
0
366304804
0
0
194002469
1
194002469
0
190419369
1
917249587567611904
0
150027815
0
0
351100456
0
0
227827242
1
129991699
0
123731499
0
0
161504812
1
878094836775010305
0
766011271334486017
1
376334337
0
152354351
0
0
63872560
0
0
1310760883
0
0
2288399808
0
0
2787106358
0
0
105186569
0
0
899461785635500038
0
0
178626109
0
0
274087486
0
0
869222855619350528
0
0
748969511949328384
0
0
204406337
0
0
2182880834
1
856673149
0
15007299
0
0
563977799
0
0
783492078126891008
0
0
100417098
1
241393435
0
156245580
1
181984140
0
1017584534425096192
0
0
724068547111084033
0
0
158768722
0
0
2983476819
1
557239178
0
78610007
0
0
157523545
0
0
296418906
1
2695206342
0
978417842000465920
0
0
252272220
0
0
208158301
1
999340218896576513
0
385230784
0
0
370835040
0
0
982710031102697472
1
988159828525768705
0
3095150182
0
0
133086823
0
0
915316328
0
0
517733993
1
308286199
0
215911714
0
0
121323116
0
0
34982504
0
0
2785050236
0
0
17030781
0
0
637255684
1
20560294
0
1113636481
0
0
781883687998808064
1
183408601
0
999757698609672193
1
824730500917063682
0
952621578830991360
1
31243282
0
305913479
0
0
115850892
1
111423456
0
566005698
0
0
61636241
0
0
989697015255912448
1
943807486276046849
0
64790164
0
0
952254339749474304
1
843471724888932353
0
263890201
0
0
3242724814
0
0
480108187
0
0
1444067814
0
0
2303702298
0
0
37871263
0
0
179986081
0
0
258612899
0
0
979069930506276865
0
0
44126150
0
0
2193292966
0
0
907392587274838017
1
120204182
0
4789616297
0
0
2285600426
2
18905975
167604665
0
1581203119
0
0
107347632
0
0
1280843442
1
1174256078
0
357121715
1
898698614201077764
0
1723866805
0
0
852728512272269313
0
0
82747065
1
81986272
0
146087611
0
0
73793212
1
2478575257
0
28024778
0
0
204242624
0
0
917525897946845186
0
0
108740292
0
0
84885190
0
0
368393927
1
320434552
0
750427241666969600
0
0
557424329
0
0
937909962
0
0
91373259
0
0
1499668172
1
7996522
0
338758506
1
4822658236
0
296050637
1
15095537
0
1054015184
1
4805165315
0
457105106
0
0
361586387
1
55990367
0
711848712306294784
0
0
305102551
1
527809399
0
329473753
0
0
323477210
1
150832830
0
1611939547
0
0
955756870333059073
1
824730500917063682
0
143490783
0
0
17710817
0
0
2703452796
1
816436857428971520
0
269246186
0
0
739233561488838656
0
0
390356716
0
0
41885421
0
0
917249587567611904
0
0
2962990709
1
71303860
0
955207503490379776
2
407532644
407532644
0
1425639174
0
0
3580829427
1
1035890335
0
908851838
0
0
40533752
0
0
53354234
0
0
93060860
1
52616641
0
323354365
1
818682809070092293
0
544445801
0
0
2309136129
1
771107463819124736
0
899802019006996480
0
0
914189141277110273
1
955819130
0
951161401883746304
0
0
2847111605
0
0
3420987148
0
0
346643074
1
69962890
0
1343160078
0
0
976201401994039296
0
0
617037585
1
118085767
0
208518930
0
0
181714707
1
2478575257
0
157982484
1
174010464
0
41139989
0
0
2602858047
1
989185699533479936
0
241393435
0
0
131915548
0
0
368951069
1
461440871
0
721832788983484416
0
0
2374352671
0
0
974051331123175425
0
0
1069088550
0
0
633828657
0
0
1231634216
0
0
971904548376924161
0
0
1009496124519051270
1
37978929
0
316727083
0
0
334790445
0
0
929338848206667776
1
8105922
0
52305712
0
0
1083080497
1
3971581001
0
413663027
1
81986272
0
84613584
0
0
142065462
0
0
977345161
1
1155740161
0
94265146
0
0
59248607
0
0
245505853
0
0
137543487
0
0
1008196302499471362
0
0
4732300513
1
16676396
0
76046149
1
32994976
0
1001870650494025728
0
0
78774089
1
78774089
0
974896970
0
0
926499410988683264
0
0
17710927
0
0
3318062929
0
0
146512526
0
0
2747039574
1
99822734
0
50126679
0
0
200605533
0
0
816186329256095745
1
76041806
0
187268964
1
143222144
0
537829223
0
0
591634281
0
0
501227370
0
0
483073900
0
0
94429039
0
0
748993561379610624
0
0
148185064
0
0
153034610
1
109621903
0
3667918707
0
0
2699165558
1
119837523
0
122580969
0
0
126204564
0
0
875538868413624320
1
334135935
0
136806268
0
0
166854525
1
911776394522320896
0
2602704769
0
0
294043523
1
824730500917063682
0
902277214439436289
1
788482548284452865
0
927284615605379072
0
0
616857481
0
0
1307410314
0
0
165240715
0
0
403615725
0
0
1755021204
0
0
936707049114791936
0
0
559136666
2
3350696865
830079077331648513
0
161029791
1
4163353939
0
156712862
0
0
75035973
0
0
2774573040
1
185296718
0
8044452
0
0
1382727589
1
187657372
0
817188775646429184
1
353941519
0
770828776179728384
1
885425524096499712
0
999858124944281601
0
0
377053102
1
334135935
0
808330579196395520
0
0
2560312981
0
0
308191154
0
0
138657715
0
0
946136821506899968
0
0
4911895264
1
79218321
0
2454129931
0
0
219439036
1
375579289
0
121257919
0
0
717837141783547904
0
0
77103041
0
0
128745411
1
973295876838850560
0
796444092267757568
1
17710817
0
950538799632629761
1
101291255
0
1011991531673223170
1
710243881409839104
0
307740615
0
0
337833550
1
329926598
0
2531254218
0
0
2332090315
0
0
802317881694371841
0
0
421257165
1
1009825667893121024
0
292552655
1
824730500917063682
0
96452560
0
0
98713556
0
0
167256021
0
0
134036094
1
2478575257
0
860528604
1
334135935
0
3274350558
0
0
380693157
0
0
506765283
0
0
3515408356
0
0
127377381
0
0
1350778854
0
0
2576867303
0
0
1389879272
0
0
2790468263
1
2269439115
0
66723820
1
859657009
0
4822892525
1
111866614
0
2586304495
0
0
259899376
0
0
611516401
1
574150146
0
428785651
1
27954537
0
1095794678
1
824730500917063682
0
2804488874
1
3797618655
0
