5.837924448621936,5.50004718464926
5.837924448621936,5.50004718464926
5.837924448621936,5.50004718464926
5.837924448621936,5.50004718464926
5.837924448621936,5.50004718464926
5.837924448621936,5.50004718464926
5.9049458380843785,6.207390088945362
5.82080564870494,6.003062263621503
5.837924448621936,5.50004718464926
5.9265111311806,5.119452702238433
6.598662809399672,5.168095312723687
6.201491284258612,5.090382531078727
6.429780386217342,5.3913470414319935
5.837924448621936,5.50004718464926
5.837924448621936,5.50004718464926
5.837924448621936,5.50004718464926
5.837924448621936,5.50004718464926
6.201491284258612,5.090382531078727
5.9265111311806,5.119452702238433
5.9265111311806,5.119452702238433
5.837924448621936,5.50004718464926
5.837924448621936,5.50004718464926
6.280147699380393,5.455610622568354
5.82080564870494,6.003062263621503
5.849999999999999,5.65
5.8206498344756925,5.521594457550788
5.3,4.95
6.296400751591296,5.356210537555242
5.3,4.95
5.837924448621936,5.50004718464926
6.204019069684408,5.581760446656595
5.837924448621936,5.50004718464926
6.596887847349353,5.501820661431963
6.174699508529664,6.153850331364098
6.621843691492935,5.4664827542573295
6.35041309728249,5.258627976251338
5.932765969485468,5.639029325455622
5.837924448621936,5.50004718464926
6.083266225319848,6.053852444989235
5.255541687468797,4.719994211287988
5.837924448621936,5.50004718464926
5.93143381639718,5.5387429681179015
5.837924448621936,5.50004718464926
6.384984811136528,5.853893833982251
6.0,6.25
5.908043339182691,6.218885148845448
5.837924448621936,5.50004718464926
5.837924448621936,5.50004718464926
6.174699508529664,6.153850331364098
6.174699508529664,6.153850331364098
6.054526320753145,6.109649911715534
6.409730425188602,5.321292066962243
5.837924448621936,5.50004718464926
6.603371888358059,5.165959089154766
5.998743251128071,5.595563923427146
7.227722997023226,4.924349300236746
5.837924448621936,5.50004718464926
5.93143381639718,5.5387429681179015
6.666929865304226,5.1
5.837924448621936,5.50004718464926
4.445326688010437,6.154042740784635
5.837924448621936,5.50004718464926
5.837924448621936,5.50004718464926
5.93143381639718,5.5387429681179015
5.93143381639718,5.5387429681179015
5.837924448621936,5.50004718464926
5.631655694202339,5.22273525265066
5.837924448621936,5.50004718464926
6.04600478764082,5.710917095785423
6.201491284258612,5.090382531078727
6.054526320753145,6.109649911715534
5.837924448621936,5.50004718464926
6.0,6.25
5.837924448621936,5.50004718464926
5.837924448621936,5.50004718464926
5.837924448621936,5.50004718464926
5.94251206465897,5.974662110316321
5.550000000000001,4.95
5.934701256497041,5.955313242016378
5.93143381639718,5.5387429681179015
5.837924448621936,5.50004718464926
5.996828485052789,6.244615895513304
5.998743251128071,5.595563923427146
5.554523045543742,5.666850654200063
6.020953885476941,5.414314531767738
5.837924448621936,5.50004718464926
5.9049458380843785,6.207390088945362
5.837924448621936,5.50004718464926
5.856370506769637,5.518431405299206
6.280147699380393,5.455610622568354
6.201491284258612,5.090382531078727
5.82080564870494,6.003062263621503
5.837924448621936,5.50004718464926
5.856370506769637,5.518431405299206
6.280147699380393,5.455610622568354
6.062546978912317,5.779888157494839
6.280147699380393,5.455610622568354
5.837924448621936,5.50004718464926
6.201491284258612,5.090382531078727
6.280147699380393,5.455610622568354
6.020953885476941,5.414314531767738
5.93143381639718,5.5387429681179015
6.258416473105636,6.1811727574866175
6.736132223293103,5.347510892102017
5.491153736637206,5.20708631767854
5.837924448621936,5.50004718464926
5.837924448621936,5.50004718464926
5.837924448621936,5.50004718464926
6.6499999999999995,5.25
5.82080564870494,6.003062263621503
5.758370416799777,6.121202291358591
5.679564868522429,5.61019262812095
5.827308502693477,5.096983055517288
5.837924448621936,5.50004718464926
6.280147699380393,5.455610622568354
5.837924448621936,5.50004718464926
6.280147699380393,5.455610622568354
5.837924448621936,5.50004718464926
6.054526320753145,6.109649911715534
6.6499999999999995,5.25
4.8093105152601,5.532606333436822
5.837924448621936,5.50004718464926
5.679564868522429,5.61019262812095
5.856370506769637,5.518431405299206
6.201491284258612,5.090382531078727
6.280147699380393,5.455610622568354
6.280147699380393,5.455610622568354
6.661617320962907,5.562893277446839
5.631655694202339,5.22273525265066
6.409730425188602,5.321292066962243
5.837924448621936,5.50004718464926
5.837924448621936,5.50004718464926
6.6499999999999995,5.25
5.932765969485468,5.639029325455622
6.062546978912317,5.779888157494839
5.679564868522429,5.61019262812095
5.82080564870494,6.003062263621503
6.280147699380393,5.455610622568354
5.9049458380843785,6.207390088945362
6.280147699380393,5.455610622568354
7.13490288404944,6.250903861955629
5.9049458380843785,6.207390088945362
6.6499999999999995,5.25
5.837924448621936,5.50004718464926
6.488202834299562,5.221147304690927
5.679564868522429,5.61019262812095
6.280147699380393,5.455610622568354
5.837924448621936,5.50004718464926
5.827308502693477,5.096983055517288
5.679564868522429,5.61019262812095
6.280147699380393,5.455610622568354
6.054526320753145,6.109649911715534
5.837924448621936,5.50004718464926
6.201491284258612,5.090382531078727
5.837924448621936,5.50004718464926
5.82080564870494,6.003062263621503
6.569077254686348,5.197001121175026
5.837924448621936,5.50004718464926
6.0,5.550000000000001
6.054526320753145,6.109649911715534
5.932765969485468,5.639029325455622
5.679564868522429,5.61019262812095
5.9049458380843785,6.207390088945362
5.837924448621936,5.50004718464926
5.679564868522429,5.61019262812095
5.837924448621936,5.50004718464926
6.280147699380393,5.455610622568354
6.6499999999999995,5.25
7.1499999999999995,6.300000000000001
5.679564868522429,5.61019262812095
5.837924448621936,5.50004718464926
5.837924448621936,5.50004718464926
6.569077254686348,5.197001121175026
5.758370416799777,6.121202291358591
5.837924448621936,5.50004718464926
5.932765969485468,5.639029325455622
6.139631994410241,4.794559009865818
6.020953885476941,5.414314531767738
6.43,5.2
7.629211509334234,4.955515265466917
5.827308502693477,5.096983055517288
0,0
5.932765969485468,5.639029325455622
6.280147699380393,5.455610622568354
6.280147699380393,5.455610622568354
6.0217084869868565,5.261976669958027
5.856370506769637,5.518431405299206
5.679564868522429,5.61019262812095
6.402803135378308,5.284255040780653
5.837924448621936,5.50004718464926
6.054526320753145,6.109649911715534
6.020953885476941,5.414314531767738
6.0,6.25
5.647318616717809,6.265257539765881
6.139631994410241,4.794559009865818
6.020953885476941,5.414314531767738
5.837924448621936,5.50004718464926
6.054526320753145,6.109649911715534
5.94778989693528,5.423296964750598
5.499999999999999,4.75
6.204019069684408,5.581760446656595
6.488202834299562,5.221147304690927
6.598662809399672,5.168095312723687
6.280147699380393,5.455610622568354
6.174699508529664,6.153850331364098
5.655235324709582,6.285606125239936
6.280147699380393,5.455610622568354
5.932765969485468,5.639029325455622
5.837924448621936,5.50004718464926
7.629211509334234,4.955515265466917
5.9049458380843785,6.207390088945362
5.837924448621936,5.50004718464926
6.380139633584961,5.1970661542639025
5.827308502693477,5.096983055517288
6.177058945114675,5.256441000529519
4.863344243092909,5.8627936751920275
6.150243643269294,5.296163948618186
5.837924448621936,5.50004718464926
6.020953885476941,5.414314531767738
6.1708299185054445,5.140970953066356
6.020953885476941,5.414314531767738
6.254239006004307,5.1587951201610185
5.82080564870494,6.003062263621503
5.3,4.95
6.020953885476941,5.414314531767738
6.280147699380393,5.455610622568354
5.9049458380843785,6.207390088945362
5.94778989693528,5.423296964750598
7.749999999999999,3.9499999999999997
6.280147699380393,5.455610622568354
5.647318616717809,6.265257539765881
5.94778989693528,5.423296964750598
7.227722997023226,4.924349300236746
5.837924448621936,5.50004718464926
5.679564868522429,5.61019262812095
6.280147699380393,5.455610622568354
6.054526320753145,6.109649911715534
6.488202834299562,5.221147304690927
5.94778989693528,5.423296964750598
4.445326688010437,6.154042740784635
5.837924448621936,5.50004718464926
6.177058945114675,5.256441000529519
5.93143381639718,5.5387429681179015
5.837924448621936,5.50004718464926
5.93143381639718,5.5387429681179015
5.82080564870494,6.003062263621503
5.837924448621936,5.50004718464926
6.598662809399672,5.168095312723687
6.150243643269294,5.296163948618186
6.488202834299562,5.221147304690927
7.549634147988048,4.92246938392057
6.054526320753145,6.109649911715534
6.054526320753145,6.109649911715534
6.054526320753145,6.109649911715534
6.429780386217342,5.3913470414319935
6.061449916143165,6.112200718617714
6.201491284258612,5.090382531078727
6.062546978912317,5.779888157494839
5.82080564870494,6.003062263621503
5.837924448621936,5.50004718464926
4.863344243092909,5.8627936751920275
5.825768283684011,4.7516595819771075
5.837924448621936,5.50004718464926
7.629211509334234,4.955515265466917
6.280147699380393,5.455610622568354
5.679564868522429,5.61019262812095
6.201491284258612,5.090382531078727
6.201491284258612,5.090382531078727
5.837924448621936,5.50004718464926
6.280147699380393,5.455610622568354
0,0
6.307252164501845,6.029389644265439
6.053901526058164,6.179739776951673
5.31020270006264,5.686330387718674
7.665447871082814,5.242230986753982
5.837924448621936,5.50004718464926
5.837924448621936,5.50004718464926
5.837924448621936,5.50004718464926
6.409730425188602,5.321292066962243
5.837924448621936,5.50004718464926
5.837924448621936,5.50004718464926
5.856370506769637,5.518431405299206
5.837924448621936,5.50004718464926
4.863344243092909,5.8627936751920275
6.409730425188602,5.321292066962243
5.932765969485468,5.639029325455622
5.932765969485468,5.639029325455622
5.9049458380843785,6.207390088945362
5.837924448621936,5.50004718464926
6.280147699380393,5.455610622568354
6.488202834299562,5.221147304690927
6.05636817659197,5.992786649919253
6.280147699380393,5.455610622568354
5.837924448621936,5.50004718464926
6.280147699380393,5.455610622568354
6.409730425188602,5.321292066962243
5.679564868522429,5.61019262812095
5.667222793321424,5.195250130524573
6.603371888358059,5.165959089154766
6.072620490721231,6.179824134331809
6.620643534197769,5.249862291817728
5.93143381639718,5.5387429681179015
5.837924448621936,5.50004718464926
6.062546978912317,5.779888157494839
5.837924448621936,5.50004718464926
5.837924448621936,5.50004718464926
5.837924448621936,5.50004718464926
5.679564868522429,5.61019262812095
6.062546978912317,5.779888157494839
5.94778989693528,5.423296964750598
5.986452205882352,5.406491482404923
5.837924448621936,5.50004718464926
5.9049458380843785,6.207390088945362
5.278324726374213,5.844144704954334
5.679564868522429,5.61019262812095
5.837924448621936,5.50004718464926
5.837924448621936,5.50004718464926
5.837924448621936,5.50004718464926
5.837924448621936,5.50004718464926
5.837924448621936,5.50004718464926
6.323387652760299,6.083710676324691
5.82080564870494,6.003062263621503
5.837924448621936,5.50004718464926
6.0008426561674755,6.249497931290968
5.554523045543742,5.666850654200063
6.174699508529664,6.153850331364098
5.837924448621936,5.50004718464926
6.174699508529664,6.153850331364098
5.827308502693477,5.096983055517288
6.230000000000002,5.0
5.837924448621936,5.50004718464926
5.837924448621936,5.50004718464926
7.665447871082814,5.242230986753982
4.523452675397491,6.246164496896652
5.837924448621936,5.50004718464926
5.856370506769637,5.518431405299206
5.992087520871386,5.192542901413794
7.629211509334234,4.955515265466917
5.908043339182691,6.218885148845448
5.7,5.8
7.665447871082814,5.242230986753982
5.968178208883504,4.974012990897754
5.82080564870494,6.003062263621503
4.357276902623245,6.214700826549271
5.550000000000001,4.95
5.827308502693477,5.096983055517288
6.174699508529664,6.153850331364098
6.661617320962907,5.562893277446839
4.523452675397491,6.246164496896652
7.7,4.95
5.837924448621936,5.50004718464926
0,0
5.837924448621936,5.50004718464926
6.062546978912317,5.779888157494839
5.837924448621936,5.50004718464926
5.82080564870494,6.003062263621503
5.837924448621936,5.50004718464926
7.7,4.95
7.665447871082814,5.242230986753982
6.409730425188602,5.321292066962243
5.827308502693477,5.096983055517288
5.965294742235191,5.9591088914744486
5.827308502693477,5.096983055517288
6.280147699380393,5.455610622568354
7.665447871082814,5.242230986753982
6.167518248175183,5.1006060606060615
5.679564868522429,5.61019262812095
6.174699508529664,6.153850331364098
5.99586361380153,6.244338240220231
5.679564868522429,5.61019262812095
6.201491284258612,5.090382531078727
7.665447871082814,5.242230986753982
5.647318616717809,6.265257539765881
6.05636817659197,5.992786649919253
5.837924448621936,5.50004718464926
5.837924448621936,5.50004718464926
5.679564868522429,5.61019262812095
5.679564868522429,5.61019262812095
5.997738296077605,6.248665105386417
6.598662809399672,5.168095312723687
5.3411754417559525,5.158771694266633
5.837924448621936,5.50004718464926
5.82080564870494,6.003062263621503
6.018555220855268,6.23251657151615
5.856370506769637,5.518431405299206
6.05636817659197,5.992786649919253
6.05636817659197,5.992786649919253
5.837924448621936,5.50004718464926
6.201491284258612,5.090382531078727
4.863344243092909,5.8627936751920275
7.665447871082814,5.242230986753982
5.998743251128071,5.595563923427146
6.201491284258612,5.090382531078727
7.196299694768719,4.9751703918454915
5.837924448621936,5.50004718464926
5.82080564870494,6.003062263621503
5.82080564870494,6.003062263621503
6.201491284258612,5.090382531078727
6.424982678294111,5.197886260694514
6.091344195519348,6.252444070865124
5.94778989693528,5.423296964750598
5.4014935330021006,5.1481549815498155
6.731861958266451,5.2687122477830615
5.82080564870494,6.003062263621503
5.82080564870494,6.003062263621503
5.94778989693528,5.423296964750598
6.409730425188602,5.321292066962243
5.908043339182691,6.218885148845448
6.409730425188602,5.321292066962243
5.856370506769637,5.518431405299206
5.837924448621936,5.50004718464926
6.062546978912317,5.779888157494839
6.300411699621479,6.181567565666866
7.152628841614777,5.349553974997059
5.837924448621936,5.50004718464926
5.837924448621936,5.50004718464926
6.409730425188602,5.321292066962243
5.951480017905102,5.367005936261064
7.665447871082814,5.242230986753982
5.669060839324093,6.25850954448914
5.837924448621936,5.50004718464926
6.280147699380393,5.455610622568354
5.93143381639718,5.5387429681179015
5.9265111311806,5.119452702238433
6.062546978912317,5.779888157494839
6.3069440798779395,5.238143873451647
5.82080564870494,6.003062263621503
5.93143381639718,5.5387429681179015
5.93143381639718,5.5387429681179015
7.665447871082814,5.242230986753982
6.722929092031193,5.286554672206464
6.062546978912317,5.779888157494839
5.837924448621936,5.50004718464926
5.837924448621936,5.50004718464926
6.280147699380393,5.455610622568354
5.932765969485468,5.639029325455622
6.297367077829375,5.931130178372892
4.544708321858446,5.886211924235591
5.837924448621936,5.50004718464926
6.404912123831412,5.27946447109462
7.264550256696745,6.5768042468928485
5.837924448621936,5.50004718464926
5.837924448621936,5.50004718464926
5.856370506769637,5.518431405299206
6.05636817659197,5.992786649919253
5.998743251128071,5.595563923427146
5.827308502693477,5.096983055517288
5.908043339182691,6.218885148845448
5.837924448621936,5.50004718464926
7.196299694768719,4.9751703918454915
5.908043339182691,6.218885148845448
5.997962203963576,6.210219734426563
5.837924448621936,5.50004718464926
5.078140477659292,5.611695711804035
5.837924448621936,5.50004718464926
5.837924448621936,5.50004718464926
6.201491284258612,5.090382531078727
6.280147699380393,5.455610622568354
6.695795324971493,5.284709774687997
5.837924448621936,5.50004718464926
6.201491284258612,5.090382531078727
6.05636817659197,5.992786649919253
6.062546978912317,5.779888157494839
5.837924448621936,5.50004718464926
5.997962203963576,6.210219734426563
6.05636817659197,5.992786649919253
5.837924448621936,5.50004718464926
5.552511843338039,5.142623020242229
5.420337989308502,5.796172283911362
5.94778989693528,5.423296964750598
5.837924448621936,5.50004718464926
0,0
5.998743251128071,5.595563923427146
6.297367077829375,5.931130178372892
6.280147699380393,5.455610622568354
5.827090674024813,5.129660788528096
5.908043339182691,6.218885148845448
6.297367077829375,5.931130178372892
6.695795324971493,5.284709774687997
5.856370506769637,5.518431405299206
5.081679166357268,4.713857951781564
5.492755050127947,5.030869835389016
5.837924448621936,5.50004718464926
6.300411699621479,6.181567565666866
5.934018775145283,5.463055257289171
4.579550827423168,5.507272727272728
5.93143381639718,5.5387429681179015
6.695795324971493,5.284709774687997
7.227722997023226,4.924349300236746
5.9049458380843785,6.207390088945362
5.82080564870494,6.003062263621503
5.837924448621936,5.50004718464926
6.128708663491046,5.935696132596686
6.05636817659197,5.992786649919253
5.837924448621936,5.50004718464926
5.837924448621936,5.50004718464926
5.928337063963892,5.481529667111158
5.8247485516833875,5.059824675533745
5.93143381639718,5.5387429681179015
6.919722344645217,5.5547783596998
6.5155263671663155,5.970002365462716
5.837924448621936,5.50004718464926
5.837924448621936,5.50004718464926
5.837924448621936,5.50004718464926
5.856370506769637,5.518431405299206
5.837924448621936,5.50004718464926
5.837924448621936,5.50004718464926
5.82080564870494,6.003062263621503
6.43,5.2
5.837924448621936,5.50004718464926
7.152628841614777,5.349553974997059
6.409730425188602,5.321292066962243
5.856370506769637,5.518431405299206
5.5950323974082075,4.714073866815893
5.8028048785394,6.258090478278573
5.856370506769637,5.518431405299206
5.837924448621936,5.50004718464926
6.201491284258612,5.090382531078727
5.9265111311806,5.119452702238433
6.022976689562222,5.884010452315679
4.523452675397491,6.246164496896652
5.837924448621936,5.50004718464926
7.665447871082814,5.242230986753982
5.837924448621936,5.50004718464926
5.837924448621936,5.50004718464926
5.837924448621936,5.50004718464926
6.488202834299562,5.221147304690927
5.837924448621936,5.50004718464926
5.837924448621936,5.50004718464926
6.280147699380393,5.455610622568354
5.837924448621936,5.50004718464926
6.280147699380393,5.455610622568354
5.837924448621936,5.50004718464926
6.0,6.25
5.837924448621936,5.50004718464926
5.650519692089665,5.412174785763441
7.417636271658025,4.402160192890562
6.280147699380393,5.455610622568354
5.707139034518238,5.299154449517228
6.409730425188602,5.321292066962243
6.409730425188602,5.321292066962243
7.287780502759045,5.074226533822759
5.998743251128071,5.595563923427146
5.827314694955662,5.063508959338406
6.280147699380393,5.455610622568354
6.409730425188602,5.321292066962243
5.82080564870494,6.003062263621503
6.409730425188602,5.321292066962243
5.837924448621936,5.50004718464926
5.856370506769637,5.518431405299206
5.998743251128071,5.595563923427146
5.837924448621936,5.50004718464926
5.908043339182691,6.218885148845448
5.837924448621936,5.50004718464926
6.380139633584961,5.1970661542639025
5.856370506769637,5.518431405299206
6.062546978912317,5.779888157494839
5.82080564870494,6.003062263621503
7.264550256696745,6.5768042468928485
7.152628841614777,5.349553974997059
7.264550256696745,6.5768042468928485
5.837924448621936,5.50004718464926
5.82080564870494,6.003062263621503
6.488202834299562,5.221147304690927
6.280147699380393,5.455610622568354
6.280147699380393,5.455610622568354
6.409730425188602,5.321292066962243
5.837924448621936,5.50004718464926
6.280147699380393,5.455610622568354
5.837924448621936,5.50004718464926
5.837924448621936,5.50004718464926
5.827308502693477,5.096983055517288
5.998743251128071,5.595563923427146
6.409730425188602,5.321292066962243
6.409730425188602,5.321292066962243
5.631655694202339,5.22273525265066
5.9049458380843785,6.207390088945362
5.9049458380843785,6.207390088945362
6.258578326844502,5.599718348725937
7.130752683764824,5.234968957740407
5.93143381639718,5.5387429681179015
6.409730425188602,5.321292066962243
6.712203525123697,5.039193864606159
5.837924448621936,5.50004718464926
5.837924448621936,5.50004718464926
6.409730425188602,5.321292066962243
4.445326688010437,6.154042740784635
7.021471172962227,4.088839681133747
7.021471172962227,4.088839681133747
5.837924448621936,5.50004718464926
5.837924448621936,5.50004718464926
5.492688854367093,5.201732444958314
5.825768283684011,4.7516595819771075
5.837924448621936,5.50004718464926
5.837924448621936,5.50004718464926
5.837924448621936,5.50004718464926
5.998743251128071,5.595563923427146
5.837924448621936,5.50004718464926
7.417636271658025,4.402160192890562
6.409730425188602,5.321292066962243
5.9049458380843785,6.207390088945362
5.82080564870494,6.003062263621503
6.15,5.85
5.93143381639718,5.5387429681179015
5.837924448621936,5.50004718464926
6.280147699380393,5.455610622568354
5.837924448621936,5.50004718464926
6.409730425188602,5.321292066962243
6.201491284258612,5.090382531078727
5.837924448621936,5.50004718464926
5.8206498344756925,5.521594457550788
5.837924448621936,5.50004718464926
7.601123173082668,4.984257416363983
6.226764200035741,5.527480299523544
5.82080564870494,6.003062263621503
5.82080564870494,6.003062263621503
0,0
5.058358028695078,5.764933206595226
6.409730425188602,5.321292066962243
5.82080564870494,6.003062263621503
5.837924448621936,5.50004718464926
6.280147699380393,5.455610622568354
5.82080564870494,6.003062263621503
5.94778989693528,5.423296964750598
5.687076829072575,6.20522065204967
6.300411699621479,6.181567565666866
6.409730425188602,5.321292066962243
5.667418918541062,5.601077480181194
4.1,6.400000000000001
5.837924448621936,5.50004718464926
5.837924448621936,5.50004718464926
7.287780502759045,5.074226533822759
5.998743251128071,5.595563923427146
5.837924448621936,5.50004718464926
5.837924448621936,5.50004718464926
5.837924448621936,5.50004718464926
5.998743251128071,5.595563923427146
5.837924448621936,5.50004718464926
5.837924448621936,5.50004718464926
5.837924448621936,5.50004718464926
5.837924448621936,5.50004718464926
7.665447871082814,5.242230986753982
6.062546978912317,5.779888157494839
6.062546978912317,5.779888157494839
6.0005589305045,6.237186124932333
5.837924448621936,5.50004718464926
5.827308502693477,5.096983055517288
5.837924448621936,5.50004718464926
5.856370506769637,5.518431405299206
6.280147699380393,5.455610622568354
6.280147699380393,5.455610622568354
0,0
5.93143381639718,5.5387429681179015
5.811015772112998,5.056215644014755
5.82080564870494,6.003062263621503
5.998743251128071,5.595563923427146
5.837924448621936,5.50004718464926
5.3,4.95
6.174699508529664,6.153850331364098
5.837924448621936,5.50004718464926
6.413636363636364,4.804112554112554
5.93143381639718,5.5387429681179015
5.550000000000001,4.95
6.409730425188602,5.321292066962243
5.998743251128071,5.595563923427146
6.272573597587797,5.20459112614686
6.488202834299562,5.221147304690927
5.837924448621936,5.50004718464926
5.94778989693528,5.423296964750598
5.837924448621936,5.50004718464926
5.837924448621936,5.50004718464926
5.837924448621936,5.50004718464926
5.837924448621936,5.50004718464926
5.837924448621936,5.50004718464926
6.280147699380393,5.455610622568354
5.837924448621936,5.50004718464926
7.227722997023226,4.924349300236746
6.280147699380393,5.455610622568354
5.837924448621936,5.50004718464926
5.837924448621936,5.50004718464926
5.837924448621936,5.50004718464926
5.837924448621936,5.50004718464926
5.763141235559463,6.1729703410952
6.060877344036415,6.041102820452072
6.409730425188602,5.321292066962243
5.827308502693477,5.096983055517288
5.837924448621936,5.50004718464926
7.130752683764824,5.234968957740407
6.0,6.25
5.8247485516833875,5.059824675533745
5.770964793938357,5.269468367461089
6.6499999999999995,5.25
6.488202834299562,5.221147304690927
5.9265111311806,5.119452702238433
5.837924448621936,5.50004718464926
5.82080564870494,6.003062263621503
4.863344243092909,5.8627936751920275
4.863344243092909,5.8627936751920275
6.409730425188602,5.321292066962243
6.488202834299562,5.221147304690927
6.296400751591296,5.356210537555242
5.401564385013473,5.1654403110175835
5.837924448621936,5.50004718464926
5.837924448621936,5.50004718464926
6.296400751591296,5.356210537555242
5.932765969485468,5.639029325455622
5.650519692089665,5.412174785763441
6.280147699380393,5.455610622568354
5.6499999999999995,5.4
5.827308502693477,5.096983055517288
6.05636817659197,5.992786649919253
5.998743251128071,5.595563923427146
5.932765969485468,5.639029325455622
5.932765969485468,5.639029325455622
4.523452675397491,6.246164496896652
5.996828485052789,6.244615895513304
6.409730425188602,5.321292066962243
0,0
5.842667138221609,5.270697816431052
6.3069440798779395,5.238143873451647
6.280147699380393,5.455610622568354
7.665447871082814,5.242230986753982
5.965294742235191,5.9591088914744486
5.82080564870494,6.003062263621503
5.82080564870494,6.003062263621503
5.6499999999999995,5.4
5.6499999999999995,5.4
6.300411699621479,6.181567565666866
5.875900231115998,5.342981899747509
5.856370506769637,5.518431405299206
6.201491284258612,5.090382531078727
5.837924448621936,5.50004718464926
6.3069440798779395,5.238143873451647
6.712203525123697,5.039193864606159
5.837924448621936,5.50004718464926
5.3,4.95
6.6499999999999995,5.25
5.965294742235191,5.9591088914744486
6.0,6.25
5.231265611224657,5.728503766985798
6.35041309728249,5.258627976251338
6.6499999999999995,5.25
5.856370506769637,5.518431405299206
5.837924448621936,5.50004718464926
5.837924448621936,5.50004718464926
5.837924448621936,5.50004718464926
5.827308502693477,5.096983055517288
5.837924448621936,5.50004718464926
6.174699508529664,6.153850331364098
5.827308502693477,5.096983055517288
5.837924448621936,5.50004718464926
5.837924448621936,5.50004718464926
5.837924448621936,5.50004718464926
5.837924448621936,5.50004718464926
7.423813995758859,5.182455961194791
5.837924448621936,5.50004718464926
5.827308502693477,5.096983055517288
6.722929092031193,5.286554672206464
6.722929092031193,5.286554672206464
5.856370506769637,5.518431405299206
5.837924448621936,5.50004718464926
6.05636817659197,5.992786649919253
5.837924448621936,5.50004718464926
5.837924448621936,5.50004718464926
5.837924448621936,5.50004718464926
3.359335261857409,5.405948720112666
5.94778989693528,5.423296964750598
6.280147699380393,5.455610622568354
6.598662809399672,5.168095312723687
5.8206498344756925,5.521594457550788
5.837924448621936,5.50004718464926
5.977099445461362,6.161434664624121
6.201491284258612,5.090382531078727
5.554523045543742,5.666850654200063
5.825768283684011,4.7516595819771075
6.409730425188602,5.321292066962243
5.837924448621936,5.50004718464926
5.6499999999999995,5.4
5.825768283684011,4.7516595819771075
6.05636817659197,5.992786649919253
6.409730425188602,5.321292066962243
5.554523045543742,5.666850654200063
5.932765969485468,5.639029325455622
5.837924448621936,5.50004718464926
5.82080564870494,6.003062263621503
5.82080564870494,6.003062263621503
6.062546978912317,5.779888157494839
6.409730425188602,5.321292066962243
6.670404701062166,5.0354820667010145
6.269080601844628,5.429708291187899
0,0
5.8206498344756925,5.521594457550788
5.8206498344756925,5.521594457550788
4.863344243092909,5.8627936751920275
5.955271859156453,5.4921346007452225
6.495071898403955,5.9023969308101165
5.231265611224657,5.728503766985798
4.523452675397491,6.246164496896652
6.201491284258612,5.090382531078727
7.665447871082814,5.242230986753982
5.837924448621936,5.50004718464926
6.409730425188602,5.321292066962243
6.062546978912317,5.779888157494839
6.201491284258612,5.090382531078727
7.665447871082814,5.242230986753982
5.94251206465897,5.974662110316321
5.401564385013473,5.1654403110175835
5.401564385013473,5.1654403110175835
6.062546978912317,5.779888157494839
5.751713363191334,5.0157234410136065
7.152628841614777,5.349553974997059
6.418822281066002,5.277541325718051
5.82080564870494,6.003062263621503
5.82080564870494,6.003062263621503
6.177058945114675,5.256441000529519
5.707139034518238,5.299154449517228
5.827308502693477,5.096983055517288
6.280147699380393,5.455610622568354
6.174699508529664,6.153850331364098
5.93143381639718,5.5387429681179015
6.280147699380393,5.455610622568354
6.409730425188602,5.321292066962243
6.280147699380393,5.455610622568354
0,0
6.280147699380393,5.455610622568354
7.137801336755886,6.287564156586591
6.488202834299562,5.221147304690927
6.670404701062166,5.0354820667010145
5.82080564870494,6.003062263621503
0,0
6.280147699380393,5.455610622568354
5.554523045543742,5.666850654200063
5.827314694955662,5.063508959338406
6.402803135378308,5.284255040780653
6.296400751591296,5.356210537555242
6.280147699380393,5.455610622568354
5.837924448621936,5.50004718464926
6.280147699380393,5.455610622568354
5.401564385013473,5.1654403110175835
0,0
6.201491284258612,5.090382531078727
5.93143381639718,5.5387429681179015
6.300411699621479,6.181567565666866
4.523452675397491,6.246164496896652
6.488202834299562,5.221147304690927
5.837924448621936,5.50004718464926
7.665447871082814,5.242230986753982
6.409730425188602,5.321292066962243
5.82080564870494,6.003062263621503
5.844248788605778,5.811444911215448
6.598662809399672,5.168095312723687
5.554523045543742,5.666850654200063
5.908043339182691,6.218885148845448
6.097487455781131,5.666565521156715
5.655095922166474,6.285357650322037
5.837924448621936,5.50004718464926
5.554523045543742,5.666850654200063
5.856370506769637,5.518431405299206
6.62646705068822,4.543727501968035
5.837924448621936,5.50004718464926
5.875310213299874,5.64464293030688
7.075404530744337,7.16151465125877
6.409730425188602,5.321292066962243
3.359335261857409,5.405948720112666
6.752147651006711,5.5509971509971505
4.523452675397491,6.246164496896652
5.82080564870494,6.003062263621503
6.307252164501845,6.029389644265439
6.488202834299562,5.221147304690927
5.82080564870494,6.003062263621503
5.82080564870494,6.003062263621503
3.359335261857409,5.405948720112666
6.300411699621479,6.181567565666866
5.82080564870494,6.003062263621503
6.36617646093177,5.145211390768763
6.280147699380393,5.455610622568354
6.280147699380393,5.455610622568354
5.844284948375157,4.7720057521570585
5.837924448621936,5.50004718464926
6.062546978912317,5.779888157494839
6.300411699621479,6.181567565666866
6.409730425188602,5.321292066962243
3.439711934156378,5.568755268333801
6.6499999999999995,5.25
4.863344243092909,5.8627936751920275
0,0
5.827308502693477,5.096983055517288
7.665447871082814,5.242230986753982
4.863344243092909,5.8627936751920275
4.863344243092909,5.8627936751920275
4.863344243092909,5.8627936751920275
5.94778989693528,5.423296964750598
4.863344243092909,5.8627936751920275
4.863344243092909,5.8627936751920275
4.863344243092909,5.8627936751920275
4.863344243092909,5.8627936751920275
5.825768283684011,4.7516595819771075
3.359335261857409,5.405948720112666
6.018555220855268,6.23251657151615
5.827308502693477,5.096983055517288
6.174699508529664,6.153850331364098
5.837924448621936,5.50004718464926
3.359335261857409,5.405948720112666
7.317655722627156,5.549304785999338
5.827308502693477,5.096983055517288
5.452067999010751,5.214680301562885
6.670404701062166,5.0354820667010145
5.837924448621936,5.50004718464926
5.5950323974082075,4.714073866815893
5.997962203963576,6.210219734426563
6.280147699380393,5.455610622568354
6.201491284258612,5.090382531078727
6.0,6.25
5.856370506769637,5.518431405299206
6.008401568754741,5.391358082268445
6.670404701062166,5.0354820667010145
6.450222111784146,5.454655874151561
5.837924448621936,5.50004718464926
6.402803135378308,5.284255040780653
6.062546978912317,5.779888157494839
6.409730425188602,5.321292066962243
0,0
5.837924448621936,5.50004718464926
5.908043339182691,6.218885148845448
5.94251206465897,5.974662110316321
6.174699508529664,6.153850331364098
0,0
6.68829242571047,5.50275428825294
6.488202834299562,5.221147304690927
5.997962203963576,6.210219734426563
6.280147699380393,5.455610622568354
6.280147699380393,5.455610622568354
6.177058945114675,5.256441000529519
5.837924448621936,5.50004718464926
6.670404701062166,5.0354820667010145
6.603371888358059,5.165959089154766
6.000322651508911,6.03740736322949
6.280147699380393,5.455610622568354
6.409730425188602,5.321292066962243
5.82080564870494,6.003062263621503
6.062546978912317,5.779888157494839
6.409730425188602,5.321292066962243
6.062546978912317,5.779888157494839
6.6499999999999995,5.25
6.300411699621479,6.181567565666866
6.409730425188602,5.321292066962243
5.82080564870494,6.003062263621503
6.409730425188602,5.321292066962243
5.856370506769637,5.518431405299206
6.670404701062166,5.0354820667010145
5.94778989693528,5.423296964750598
6.569077254686348,5.197001121175026
5.82080564870494,6.003062263621503
5.932765969485468,5.639029325455622
5.837924448621936,5.50004718464926
6.280147699380393,5.455610622568354
5.82080564870494,6.003062263621503
5.932765969485468,5.639029325455622
5.827308502693477,5.096983055517288
0,0
5.998743251128071,5.595563923427146
5.8,5.05
6.226764200035741,5.527480299523544
6.6499999999999995,5.25
5.82080564870494,6.003062263621503
5.82080564870494,6.003062263621503
6.603371888358059,5.165959089154766
5.9049458380843785,6.207390088945362
5.82080564870494,6.003062263621503
5.837924448621936,5.50004718464926
6.05636817659197,5.992786649919253
5.837924448621936,5.50004718464926
5.856370506769637,5.518431405299206
6.062546978912317,5.779888157494839
6.177058945114675,5.256441000529519
5.82080564870494,6.003062263621503
5.837924448621936,5.50004718464926
7.665447871082814,5.242230986753982
6.488202834299562,5.221147304690927
4.523452675397491,6.246164496896652
5.368931456574437,4.627737687587619
5.932765969485468,5.639029325455622
5.932765969485468,5.639029325455622
6.201491284258612,5.090382531078727
6.150243643269294,5.296163948618186
6.150243643269294,5.296163948618186
4.207145804026219,6.341951394366591
6.062546978912317,5.779888157494839
0,0
6.326548897365549,5.982019426552618
7.130752683764824,5.234968957740407
5.82080564870494,6.003062263621503
5.82080564870494,6.003062263621503
5.908043339182691,6.218885148845448
6.409730425188602,5.321292066962243
5.932765969485468,5.639029325455622
5.998743251128071,5.595563923427146
5.7,5.8
6.201491284258612,5.090382531078727
7.749999999999999,3.9499999999999997
5.82080564870494,6.003062263621503
5.844284948375157,4.7720057521570585
6.174699508529664,6.153850331364098
5.827308502693477,5.096983055517288
5.837924448621936,5.50004718464926
5.3,4.95
6.280147699380393,5.455610622568354
5.932765969485468,5.639029325455622
5.932765969485468,5.639029325455622
6.670404701062166,5.0354820667010145
4.349578509825809,6.2964808466526
6.201491284258612,5.090382531078727
6.280147699380393,5.455610622568354
5.658348546229072,5.662812134555942
5.271163042497517,5.777028653985071
5.998743251128071,5.595563923427146
0,0
6.174699508529664,6.153850331364098
5.837924448621936,5.50004718464926
5.825768283684011,4.7516595819771075
5.5950323974082075,4.714073866815893
6.280147699380393,5.455610622568354
6.280147699380393,5.455610622568354
5.932765969485468,5.639029325455622
6.174699508529664,6.153850331364098
0,0
6.174699508529664,6.153850331364098
5.932765969485468,5.639029325455622
7.637255460985709,4.996614399285818
7.665447871082814,5.242230986753982
5.82080564870494,6.003062263621503
5.837924448621936,5.50004718464926
5.908043339182691,6.218885148845448
5.998743251128071,5.595563923427146
0,0
6.35041309728249,5.258627976251338
5.837924448621936,5.50004718464926
5.992087520871386,5.192542901413794
6.417538655065779,5.277222898903776
5.998743251128071,5.595563923427146
6.174699508529664,6.153850331364098
5.827308502693477,5.096983055517288
5.837924448621936,5.50004718464926
0,0
4.523452675397491,6.246164496896652
6.409730425188602,5.321292066962243
5.837924448621936,5.50004718464926
5.554523045543742,5.666850654200063
7.665447871082814,5.242230986753982
5.998743251128071,5.595563923427146
5.827308502693477,5.096983055517288
6.174699508529664,6.153850331364098
6.201491284258612,5.090382531078727
5.827308502693477,5.096983055517288
7.665447871082814,5.242230986753982
6.569077254686348,5.197001121175026
6.280147699380393,5.455610622568354
5.837924448621936,5.50004718464926
5.837924448621936,5.50004718464926
7.098145374341488,6.216837540407178
6.6499999999999995,5.25
5.932765969485468,5.639029325455622
5.932765969485468,5.639029325455622
5.93143381639718,5.5387429681179015
6.280147699380393,5.455610622568354
5.401564385013473,5.1654403110175835
6.488202834299562,5.221147304690927
5.969465128611598,6.214286875808163
5.837924448621936,5.50004718464926
6.201491284258612,5.090382531078727
5.932765969485468,5.639029325455622
6.201491284258612,5.090382531078727
5.998743251128071,5.595563923427146
5.231265611224657,5.728503766985798
7.665447871082814,5.242230986753982
5.368931456574437,4.627737687587619
0,0
0,0
5.82080564870494,6.003062263621503
5.2991194680572455,5.923660300833521
6.409730425188602,5.321292066962243
5.368931456574437,4.627737687587619
5.5950323974082075,4.714073866815893
5.837924448621936,5.50004718464926
6.280147699380393,5.455610622568354
5.827308502693477,5.096983055517288
7.152628841614777,5.349553974997059
6.174699508529664,6.153850331364098
5.837924448621936,5.50004718464926
6.174699508529664,6.153850331364098
6.409730425188602,5.321292066962243
5.3,4.95
0,0
6.174699508529664,6.153850331364098
7.096528456447222,5.205922285183398
0,0
5.94778989693528,5.423296964750598
6.201491284258612,5.090382531078727
6.409730425188602,5.321292066962243
5.94778989693528,5.423296964750598
7.665447871082814,5.242230986753982
5.934701256497041,5.955313242016378
5.5950323974082075,4.714073866815893
6.174699508529664,6.153850331364098
6.280147699380393,5.455610622568354
6.569077254686348,5.197001121175026
5.932765969485468,5.639029325455622
5.998743251128071,5.595563923427146
6.35041309728249,5.258627976251338
6.324977656946492,5.946479456861692
6.280147699380393,5.455610622568354
5.932765969485468,5.639029325455622
0,0
0,0
6.62646705068822,4.543727501968035
0,0
5.82080564870494,6.003062263621503
5.6499999999999995,5.4
5.82080564870494,6.003062263621503
0,0
6.174699508529664,6.153850331364098
6.0,6.25
0,0
5.932361669741357,5.956759917436562
6.30835266030606,5.789958419499775
7.3954992020344505,4.991840489512864
5.5950323974082075,4.714073866815893
5.827308502693477,5.096983055517288
5.998743251128071,5.595563923427146
6.280147699380393,5.455610622568354
6.122042094092715,6.144366755925815
5.837924448621936,5.50004718464926
0,0
5.988062403236231,6.147925227690776
5.82080564870494,6.003062263621503
5.932765969485468,5.639029325455622
0,0
5.827308502693477,5.096983055517288
7.665447871082814,5.242230986753982
6.201491284258612,5.090382531078727
5.837924448621936,5.50004718464926
5.827308502693477,5.096983055517288
0,0
6.201491284258612,5.090382531078727
0,0
5.837924448621936,5.50004718464926
5.998743251128071,5.595563923427146
5.998743251128071,5.595563923427146
6.488202834299562,5.221147304690927
6.280147699380393,5.455610622568354
5.856370506769637,5.518431405299206
5.82080564870494,6.003062263621503
6.488202834299562,5.221147304690927
5.82080564870494,6.003062263621503
7.665447871082814,5.242230986753982
6.280147699380393,5.455610622568354
5.998743251128071,5.595563923427146
5.827308502693477,5.096983055517288
0,0
0,0
5.483019240539151,5.053454556441716
7.733975026014569,6.142217446270544
6.280147699380393,5.455610622568354
6.409730425188602,5.321292066962243
7.637255460985709,4.996614399285818
5.93143381639718,5.5387429681179015
6.670404701062166,5.0354820667010145
6.958873798603799,5.345934837038824
5.93143381639718,5.5387429681179015
6.174699508529664,6.153850331364098
6.280147699380393,5.455610622568354
5.82080564870494,6.003062263621503
6.409730425188602,5.321292066962243
5.837924448621936,5.50004718464926
5.82080564870494,6.003062263621503
5.82080564870494,6.003062263621503
6.40488852623637,5.197865572044569
7.665447871082814,5.242230986753982
6.0,6.220069227636758
6.409730425188602,5.321292066962243
5.837924448621936,5.50004718464926
6.280147699380393,5.455610622568354
6.206402127059582,6.421797098091586
7.057726272930897,7.1301960575267564
0,0
6.402803135378308,5.284255040780653
5.932765969485468,5.639029325455622
6.280147699380393,5.455610622568354
5.837924448621936,5.50004718464926
6.206402127059582,6.421797098091586
6.206402127059582,6.421797098091586
5.837924448621936,5.50004718464926
5.678338530145236,5.861254819286844
0,0
5.837924448621936,5.50004718464926
6.0,6.25
5.82080564870494,6.003062263621503
6.174699508529664,6.153850331364098
5.853458563879099,5.507671345824249
5.837924448621936,5.50004718464926
5.837924448621936,5.50004718464926
6.017313469369591,6.248459393367368
5.47445251493141,5.1299698051444125
5.678338530145236,5.861254819286844
5.827308502693477,5.096983055517288
6.280147699380393,5.455610622568354
5.789862277624831,5.083712848003295
6.598662809399672,5.168095312723687
7.665447871082814,5.242230986753982
0,0
5.82080564870494,6.003062263621503
5.82080564870494,6.003062263621503
6.201491284258612,5.090382531078727
6.280147699380393,5.455610622568354
0,0
5.827308502693477,5.096983055517288
6.174699508529664,6.153850331364098
5.401564385013473,5.1654403110175835
5.827308502693477,5.096983055517288
6.35041309728249,5.258627976251338
5.837924448621936,5.50004718464926
6.402803135378308,5.284255040780653
4.097040000000001,6.343129770992366
6.35041309728249,5.258627976251338
5.94778989693528,5.423296964750598
6.280147699380393,5.455610622568354
6.174699508529664,6.153850331364098
5.94778989693528,5.423296964750598
5.837924448621936,5.50004718464926
6.934491261150192,6.581274281787668
5.837924448621936,5.50004718464926
7.665447871082814,5.242230986753982
5.82080564870494,6.003062263621503
0,0
5.82080564870494,6.003062263621503
5.82080564870494,6.003062263621503
5.996603547262546,5.198324170990996
4.445326688010437,6.154042740784635
5.82080564870494,6.003062263621503
6.150345285567276,5.874714637354498
5.827308502693477,5.096983055517288
5.827308502693477,5.096983055517288
4.261749915853248,4.777785977859779
6.201491284258612,5.090382531078727
7.665447871082814,5.242230986753982
6.879227633299438,5.258159204736721
5.837924448621936,5.50004718464926
5.94778989693528,5.423296964750598
6.35041309728249,5.258627976251338
7.665447871082814,5.242230986753982
6.280147699380393,5.455610622568354
5.827308502693477,5.096983055517288
5.827308502693477,5.096983055517288
5.827308502693477,5.096983055517288
6.409730425188602,5.321292066962243
5.827308502693477,5.096983055517288
0,0
5.8247485516833875,5.059824675533745
5.8247485516833875,5.059824675533745
7.665447871082814,5.242230986753982
5.837924448621936,5.50004718464926
5.837924448621936,5.50004718464926
0,0
6.300411699621479,6.181567565666866
5.996828485052789,6.244615895513304
6.780132332995861,5.23036159336647
7.665447871082814,5.242230986753982
5.94251206465897,5.974662110316321
5.6499999999999995,5.4
6.0,6.25
6.174699508529664,6.153850331364098
6.0,6.25
6.409730425188602,5.321292066962243
6.280147699380393,5.455610622568354
4.523452675397491,6.246164496896652
6.569077254686348,5.197001121175026
6.174699508529664,6.153850331364098
0,0
6.409730425188602,5.321292066962243
0,0
6.201491284258612,5.090382531078727
5.499999999999999,4.75
6.062546978912317,5.779888157494839
5.844284948375157,4.7720057521570585
5.550000000000001,4.95
5.499999999999999,4.75
6.201491284258612,5.090382531078727
6.062546978912317,5.779888157494839
6.280147699380393,5.455610622568354
6.569077254686348,5.197001121175026
6.201491284258612,5.090382531078727
6.280147699380393,5.455610622568354
6.280147699380393,5.455610622568354
6.201491284258612,5.090382531078727
6.201491284258612,5.090382531078727
5.82080564870494,6.003062263621503
6.300411699621479,6.181567565666866
6.174699508529664,6.153850331364098
6.201491284258612,5.090382531078727
6.82916750144525,4.729421731070462
5.756175235882276,4.95165647733084
5.678338530145236,5.861254819286844
6.097487455781131,5.666565521156715
5.837924448621936,5.50004718464926
5.837924448621936,5.50004718464926
6.280147699380393,5.455610622568354
5.837924448621936,5.50004718464926
7.227722997023226,4.924349300236746
7.264550256696745,6.5768042468928485
6.488202834299562,5.221147304690927
6.174699508529664,6.153850331364098
6.294110639994962,6.2587703634577165
0,0
6.280147699380393,5.455610622568354
6.402803135378308,5.284255040780653
5.998743251128071,5.595563923427146
5.998743251128071,5.595563923427146
5.998743251128071,5.595563923427146
5.82080564870494,6.003062263621503
6.402803135378308,5.284255040780653
5.837924448621936,5.50004718464926
5.82080564870494,6.003062263621503
5.837924448621936,5.50004718464926
6.780132332995861,5.23036159336647
5.789862277624831,5.083712848003295
6.201491284258612,5.090382531078727
6.269080601844628,5.429708291187899
6.6666401043161665,5.2320656213365515
6.280147699380393,5.455610622568354
5.837924448621936,5.50004718464926
5.93143381639718,5.5387429681179015
7.227722997023226,4.924349300236746
7.637255460985709,4.996614399285818
6.280147699380393,5.455610622568354
6.280147699380393,5.455610622568354
6.062546978912317,5.779888157494839
6.780132332995861,5.23036159336647
5.837924448621936,5.50004718464926
6.201491284258612,5.090382531078727
5.9201213798362735,5.528623355005084
5.94778989693528,5.423296964750598
6.201491284258612,5.090382531078727
7.057726272930897,7.1301960575267564
5.837924448621936,5.50004718464926
5.82080564870494,6.003062263621503
6.43,5.2
5.837924448621936,5.50004718464926
5.82080564870494,6.003062263621503
5.3,4.95
5.998743251128071,5.595563923427146
6.280147699380393,5.455610622568354
6.409730425188602,5.321292066962243
5.837924448621936,5.50004718464926
6.201491284258612,5.090382531078727
5.82080564870494,6.003062263621503
6.409730425188602,5.321292066962243
5.842104299230856,5.031344723388828
5.837924448621936,5.50004718464926
6.300411699621479,6.181567565666866
5.5950323974082075,4.714073866815893
3.3,5.3
6.174699508529664,6.153850331364098
7.47192142530243,6.90428826156444
6.409730425188602,5.321292066962243
6.201491284258612,5.090382531078727
6.0251184584605655,4.287995470653118
6.174699508529664,6.153850331364098
5.932765969485468,5.639029325455622
0,0
5.932765969485468,5.639029325455622
5.82080564870494,6.003062263621503
5.837924448621936,5.50004718464926
5.655466811193199,6.287677643970094
5.837924448621936,5.50004718464926
5.93143381639718,5.5387429681179015
5.837924448621936,5.50004718464926
5.655466811193199,6.287677643970094
5.837924448621936,5.50004718464926
5.837924448621936,5.50004718464926
6.418305239412533,5.640101073187459
5.837924448621936,5.50004718464926
6.201491284258612,5.090382531078727
5.93143381639718,5.5387429681179015
6.409730425188602,5.321292066962243
6.409730425188602,5.321292066962243
5.837924448621936,5.50004718464926
5.837924448621936,5.50004718464926
