6.89673307664488,6.517787188812027
4.700000000000001,6.05
0,0
6.175571177008013,4.880368322799166
6.175571177008013,4.880368322799166
6.05,4.5
6.175571177008013,4.880368322799166
6.175571177008013,4.880368322799166
5.3999999999999995,5.150000000000001
0,0
5.3999999999999995,5.150000000000001
7.170032930845226,3.5921052631578942
6.15,5.35
5.3999999999999995,5.150000000000001
6.175571177008013,4.880368322799166
6.175571177008013,4.880368322799166
0,0
5.550000000000001,4.561342592592592
6.05,4.5
0,0
6.05,4.5
7.8500000000000005,6.099999999999999
6.15,5.35
6.05,4.5
6.05,4.5
6.05,4.5
6.05,4.5
7.8500000000000005,6.099999999999999
8.43253146478622,6.371171626332542
6.05,4.5
6.89673307664488,6.517787188812027
6.175571177008013,4.880368322799166
6.175571177008013,4.880368322799166
6.175571177008013,4.880368322799166
6.175571177008013,4.880368322799166
6.05,4.5
6.05,4.5
6.175571177008013,4.880368322799166
6.05,4.5
6.175571177008013,4.880368322799166
6.175571177008013,4.880368322799166
6.89673307664488,6.517787188812027
6.89673307664488,6.517787188812027
6.05,4.5
6.175571177008013,4.880368322799166
0,0
6.175571177008013,4.880368322799166
6.175571177008013,4.880368322799166
0,0
6.175571177008013,4.880368322799166
0,0
5.1970319634703195,5.177142857142857
6.175571177008013,4.880368322799166
6.175571177008013,4.880368322799166
6.175571177008013,4.880368322799166
0,0
0,0
0,0
6.175571177008013,4.880368322799166
6.175571177008013,4.880368322799166
6.175571177008013,4.880368322799166
6.05,4.5
0,0
6.175571177008013,4.880368322799166
0,0
6.05,4.5
6.175571177008013,4.880368322799166
6.175571177008013,4.880368322799166
6.89673307664488,6.517787188812027
6.175571177008013,4.880368322799166
6.175571177008013,4.880368322799166
6.175571177008013,4.880368322799166
6.175571177008013,4.880368322799166
6.175571177008013,4.880368322799166
6.175571177008013,4.880368322799166
6.89673307664488,6.517787188812027
6.175571177008013,4.880368322799166
6.175571177008013,4.880368322799166
6.175571177008013,4.880368322799166
6.9799999999999995,4.73
7.1499999999999995,4.650000000000001
6.175571177008013,4.880368322799166
6.05,4.5
6.175571177008013,4.880368322799166
6.175571177008013,4.880368322799166
6.175571177008013,4.880368322799166
5.827308502693477,5.09698305551729
6.175571177008013,4.880368322799166
6.175571177008013,4.880368322799166
6.175571177008013,4.880368322799166
6.15,5.35
6.175571177008013,4.880368322799166
6.175571177008013,4.880368322799166
6.175571177008013,4.880368322799166
0,0
6.175571177008013,4.880368322799166
6.175571177008013,4.880368322799166
6.175571177008013,4.880368322799166
6.175571177008013,4.880368322799166
6.175571177008013,4.880368322799166
5.3999999999999995,5.150000000000001
6.175571177008013,4.880368322799166
6.191193790858322,5.821439665646929
6.175571177008013,4.880368322799166
6.175571177008013,4.880368322799166
6.89673307664488,6.517787188812027
6.175571177008013,4.880368322799166
6.140888382687926,5.338943820224719
6.175571177008013,4.880368322799166
6.175571177008013,4.880368322799166
6.175571177008013,4.880368322799166
6.175571177008013,4.880368322799166
6.175571177008013,4.880368322799166
6.175571177008013,4.880368322799166
8.35,6.75
6.1,5.25
5.1970319634703195,5.177142857142857
5.827308502693477,5.09698305551729
6.175571177008013,4.880368322799166
6.175571177008013,4.880368322799166
6.175571177008013,4.880368322799166
6.175571177008013,4.880368322799166
6.175571177008013,4.880368322799166
6.175571177008013,4.880368322799166
8.1,4.53
6.175571177008013,4.880368322799166
6.05,4.5
6.89673307664488,6.517787188812027
6.175571177008013,4.880368322799166
6.175571177008013,4.880368322799166
6.175571177008013,4.880368322799166
6.05,4.5
5.3999999999999995,5.150000000000001
5.650000000000001,5.299999999999999
6.175571177008013,4.880368322799166
6.05,4.5
6.175571177008013,4.880368322799166
6.175571177008013,4.880368322799166
6.175571177008013,4.880368322799166
6.175571177008013,4.880368322799166
6.15,5.35
6.175571177008013,4.880368322799166
5.827308502693477,5.09698305551729
4.195263157894737,5.838142292490118
6.175571177008013,4.880368322799166
6.05,4.5
6.175571177008013,4.880368322799166
6.1,5.25
0,0
6.05,4.5
6.89673307664488,6.517787188812027
6.175571177008013,4.880368322799166
0,0
6.175571177008013,4.880368322799166
6.89673307664488,6.517787188812027
6.175571177008013,4.880368322799166
6.175571177008013,4.880368322799166
0,0
6.175571177008013,4.880368322799166
0,0
6.05,4.5
6.175571177008013,4.880368322799166
8.35,6.75
6.175571177008013,4.880368322799166
6.175571177008013,4.880368322799166
6.05,4.5
6.175571177008013,4.880368322799166
6.175571177008013,4.880368322799166
0,0
0,0
6.175571177008013,4.880368322799166
0,0
0,0
6.175571177008013,4.880368322799166
6.175571177008013,4.880368322799166
6.175571177008013,4.880368322799166
6.175571177008013,4.880368322799166
7.949999999999999,5.45
6.175571177008013,4.880368322799166
6.89673307664488,6.517787188812027
6.175571177008013,4.880368322799166
5.827308502693477,5.09698305551729
0,0
6.175571177008013,4.880368322799166
6.175571177008013,4.880368322799166
6.175571177008013,4.880368322799166
6.175571177008013,4.880368322799166
6.89673307664488,6.517787188812027
6.175571177008013,4.880368322799166
6.175571177008013,4.880368322799166
0,0
6.175571177008013,4.880368322799166
6.9799999999999995,4.73
6.89673307664488,6.517787188812027
6.175571177008013,4.880368322799166
6.175571177008013,4.880368322799166
7.7,7.1000000000000005
6.175571177008013,4.880368322799166
6.175571177008013,4.880368322799166
0,0
4.45,6.2
6.175571177008013,4.880368322799166
6.89673307664488,6.517787188812027
6.175571177008013,4.880368322799166
6.175571177008013,4.880368322799166
6.175571177008013,4.880368322799166
6.175571177008013,4.880368322799166
6.89673307664488,6.517787188812027
0,0
0,0
6.175571177008013,4.880368322799166
6.89673307664488,6.517787188812027
6.175571177008013,4.880368322799166
6.175571177008013,4.880368322799166
6.175571177008013,4.880368322799166
6.175571177008013,4.880368322799166
6.175571177008013,4.880368322799166
6.175571177008013,4.880368322799166
6.175571177008013,4.880368322799166
6.175571177008013,4.880368322799166
6.89673307664488,6.517787188812027
6.175571177008013,4.880368322799166
6.175571177008013,4.880368322799166
6.175571177008013,4.880368322799166
6.89673307664488,6.517787188812027
6.175571177008013,4.880368322799166
6.05,4.5
6.175571177008013,4.880368322799166
6.89673307664488,6.517787188812027
0,0
6.175571177008013,4.880368322799166
6.89673307664488,6.517787188812027
6.175571177008013,4.880368322799166
6.89673307664488,6.517787188812027
6.175571177008013,4.880368322799166
6.05,4.5
6.175571177008013,4.880368322799166
5.1970319634703195,5.177142857142857
8.043325745598361,6.460859902152203
6.175571177008013,4.880368322799166
0,0
6.175571177008013,4.880368322799166
6.175571177008013,4.880368322799166
6.175571177008013,4.880368322799166
5.56679089997274,5.107676301782613
6.175571177008013,4.880368322799166
6.89673307664488,6.517787188812027
6.175571177008013,4.880368322799166
6.175571177008013,4.880368322799166
6.175571177008013,4.880368322799166
5.3999999999999995,5.150000000000001
0,0
6.89673307664488,6.517787188812027
0,0
6.175571177008013,4.880368322799166
5.3999999999999995,5.150000000000001
6.175571177008013,4.880368322799166
6.175571177008013,4.880368322799166
6.175571177008013,4.880368322799166
6.175571177008013,4.880368322799166
6.89673307664488,6.517787188812027
6.89673307664488,6.517787188812027
6.89673307664488,6.517787188812027
6.175571177008013,4.880368322799166
6.175571177008013,4.880368322799166
6.89673307664488,6.517787188812027
6.175571177008013,4.880368322799166
0,0
6.175571177008013,4.880368322799166
6.175571177008013,4.880368322799166
6.175571177008013,4.880368322799166
5.550000000000001,4.561342592592592
6.89673307664488,6.517787188812027
6.175571177008013,4.880368322799166
6.175571177008013,4.880368322799166
6.175571177008013,4.880368322799166
5.3999999999999995,5.150000000000001
6.175571177008013,4.880368322799166
6.89673307664488,6.517787188812027
5.3999999999999995,5.150000000000001
6.175571177008013,4.880368322799166
8.043325745598361,6.460859902152203
6.89673307664488,6.517787188812027
6.89673307664488,6.517787188812027
6.175571177008013,4.880368322799166
6.89673307664488,6.517787188812027
6.175571177008013,4.880368322799166
6.175571177008013,4.880368322799166
6.175571177008013,4.880368322799166
6.89673307664488,6.517787188812027
6.89673307664488,6.517787188812027
6.175571177008013,4.880368322799166
6.89673307664488,6.517787188812027
5.827308502693477,5.09698305551729
0,0
0,0
6.89673307664488,6.517787188812027
6.175571177008013,4.880368322799166
0,0
6.175571177008013,4.880368322799166
6.175571177008013,4.880368322799166
6.89673307664488,6.517787188812027
6.175571177008013,4.880368322799166
5.3999999999999995,5.150000000000001
6.175571177008013,4.880368322799166
0,0
6.175571177008013,4.880368322799166
5.827308502693477,5.09698305551729
6.175571177008013,4.880368322799166
6.1,5.25
6.175571177008013,4.880368322799166
6.175571177008013,4.880368322799166
6.175571177008013,4.880368322799166
6.175571177008013,4.880368322799166
8.35,6.75
0,0
6.175571177008013,4.880368322799166
6.175571177008013,4.880368322799166
6.89673307664488,6.517787188812027
6.175571177008013,4.880368322799166
5.827308502693477,5.09698305551729
6.175571177008013,4.880368322799166
6.175571177008013,4.880368322799166
6.175571177008013,4.880368322799166
0,0
6.89673307664488,6.517787188812027
6.89673307664488,6.517787188812027
5.827308502693477,5.09698305551729
5.3999999999999995,5.150000000000001
6.175571177008013,4.880368322799166
6.175571177008013,4.880368322799166
0,0
6.89673307664488,6.517787188812027
6.89673307664488,6.517787188812027
0,0
6.175571177008013,4.880368322799166
6.175571177008013,4.880368322799166
6.89673307664488,6.517787188812027
6.1,5.25
6.89673307664488,6.517787188812027
6.175571177008013,4.880368322799166
6.1,5.25
7.4,4.25
6.175571177008013,4.880368322799166
6.175571177008013,4.880368322799166
0,0
6.89673307664488,6.517787188812027
6.175571177008013,4.880368322799166
6.15,5.35
0,0
0,0
6.175571177008013,4.880368322799166
6.175571177008013,4.880368322799166
6.89673307664488,6.517787188812027
6.175571177008013,4.880368322799166
6.175571177008013,4.880368322799166
0,0
6.89673307664488,6.517787188812027
6.175571177008013,4.880368322799166
6.175571177008013,4.880368322799166
6.25,6.28
0,0
6.175571177008013,4.880368322799166
6.175571177008013,4.880368322799166
6.175571177008013,4.880368322799166
6.175571177008013,4.880368322799166
6.175571177008013,4.880368322799166
6.175571177008013,4.880368322799166
6.175571177008013,4.880368322799166
6.175571177008013,4.880368322799166
0,0
6.175571177008013,4.880368322799166
6.175571177008013,4.880368322799166
6.175571177008013,4.880368322799166
6.89673307664488,6.517787188812027
6.175571177008013,4.880368322799166
6.175571177008013,4.880368322799166
5.827308502693477,5.09698305551729
4.55,6.5
5.25,4.8500000000000005
6.175571177008013,4.880368322799166
5.3999999999999995,5.150000000000001
6.175571177008013,4.880368322799166
6.175571177008013,4.880368322799166
6.175571177008013,4.880368322799166
6.175571177008013,4.880368322799166
6.175571177008013,4.880368322799166
6.175571177008013,4.880368322799166
6.175571177008013,4.880368322799166
6.175571177008013,4.880368322799166
0,0
0,0
6.175571177008013,4.880368322799166
6.175571177008013,4.880368322799166
0,0
6.175571177008013,4.880368322799166
0,0
0,0
6.175571177008013,4.880368322799166
6.223439412484701,5.343545340050377
6.175571177008013,4.880368322799166
6.175571177008013,4.880368322799166
6.175571177008013,4.880368322799166
6.175571177008013,4.880368322799166
6.175571177008013,4.880368322799166
6.175571177008013,4.880368322799166
6.175571177008013,4.880368322799166
5.242187749763859,4.8419311931846005
6.499999999999999,5.2
6.175571177008013,4.880368322799166
6.175571177008013,4.880368322799166
6.175571177008013,4.880368322799166
6.175571177008013,4.880368322799166
6.7515246015246015,5.866981132075472
6.175571177008013,4.880368322799166
6.175571177008013,4.880368322799166
6.456629452418926,5.80540856169879
6.175571177008013,4.880368322799166
6.175571177008013,4.880368322799166
6.175571177008013,4.880368322799166
6.175571177008013,4.880368322799166
6.175571177008013,4.880368322799166
6.175571177008013,4.880368322799166
6.175571177008013,4.880368322799166
6.175571177008013,4.880368322799166
6.175571177008013,4.880368322799166
6.175571177008013,4.880368322799166
6.743544529009109,5.07897825879009
6.175571177008013,4.880368322799166
5.3999999999999995,5.150000000000001
6.743544529009109,5.07897825879009
6.175571177008013,4.880368322799166
6.743544529009109,5.07897825879009
5.25,4.8500000000000005
6.175571177008013,4.880368322799166
6.175571177008013,4.880368322799166
6.175571177008013,4.880368322799166
5.941566300637434,5.277453399436671
6.175571177008013,4.880368322799166
6.175571177008013,4.880368322799166
6.175571177008013,4.880368322799166
6.175571177008013,4.880368322799166
6.175571177008013,4.880368322799166
6.494133435582823,5.141190776436678
6.175571177008013,4.880368322799166
6.89673307664488,6.517787188812027
6.175571177008013,4.880368322799166
0,0
6.175571177008013,4.880368322799166
6.175571177008013,4.880368322799166
6.175571177008013,4.880368322799166
6.175571177008013,4.880368322799166
6.15,5.35
6.175571177008013,4.880368322799166
6.175571177008013,4.880368322799166
6.607128733018664,5.589637815363663
0,0
6.175571177008013,4.880368322799166
6.175571177008013,4.880368322799166
0,0
6.89673307664488,6.517787188812027
6.175571177008013,4.880368322799166
6.175571177008013,4.880368322799166
6.175571177008013,4.880368322799166
6.89673307664488,6.517787188812027
6.175571177008013,4.880368322799166
0,0
6.175571177008013,4.880368322799166
6.175571177008013,4.880368322799166
6.175571177008013,4.880368322799166
0,0
0,0
6.175571177008013,4.880368322799166
8.528299917778762,6.181763866835321
0,0
6.175571177008013,4.880368322799166
5.383136531365314,5.345913461538461
6.175571177008013,4.880368322799166
3.7000000000000006,5.251556836902799
6.175571177008013,4.880368322799166
6.175571177008013,4.880368322799166
6.175571177008013,4.880368322799166
6.175571177008013,4.880368322799166
6.175571177008013,4.880368322799166
6.175571177008013,4.880368322799166
6.175571177008013,4.880368322799166
5.1970319634703195,5.177142857142857
6.9799999999999995,4.73
6.175571177008013,4.880368322799166
5.3999999999999995,5.150000000000001
5.827308502693477,5.09698305551729
6.175571177008013,4.880368322799166
6.89673307664488,6.517787188812027
6.89673307664488,6.517787188812027
6.89673307664488,6.517787188812027
0,0
6.89673307664488,6.517787188812027
6.654550664827857,5.318736589772341
6.175571177008013,4.880368322799166
6.175571177008013,4.880368322799166
6.175571177008013,4.880368322799166
6.175571177008013,4.880368322799166
6.175571177008013,4.880368322799166
6.175571177008013,4.880368322799166
6.175571177008013,4.880368322799166
6.175571177008013,4.880368322799166
6.175571177008013,4.880368322799166
6.175571177008013,4.880368322799166
6.175571177008013,4.880368322799166
6.175571177008013,4.880368322799166
6.175571177008013,4.880368322799166
6.175571177008013,4.880368322799166
6.89673307664488,6.517787188812027
6.175571177008013,4.880368322799166
6.175571177008013,4.880368322799166
6.175571177008013,4.880368322799166
6.175571177008013,4.880368322799166
5.941566300637434,5.277453399436671
6.150000000000001,5.849999999999999
6.175571177008013,4.880368322799166
6.175571177008013,4.880368322799166
6.175571177008013,4.880368322799166
7.500000000000001,4.55
6.175571177008013,4.880368322799166
6.175571177008013,4.880368322799166
6.175571177008013,4.880368322799166
6.175571177008013,4.880368322799166
6.175571177008013,4.880368322799166
6.175571177008013,4.880368322799166
6.175571177008013,4.880368322799166
6.175571177008013,4.880368322799166
6.175571177008013,4.880368322799166
6.175571177008013,4.880368322799166
6.175571177008013,4.880368322799166
6.175571177008013,4.880368322799166
6.175571177008013,4.880368322799166
6.175571177008013,4.880368322799166
0,0
6.175571177008013,4.880368322799166
6.89673307664488,6.517787188812027
6.175571177008013,4.880368322799166
6.175571177008013,4.880368322799166
6.175571177008013,4.880368322799166
6.175571177008013,4.880368322799166
6.175571177008013,4.880368322799166
6.175571177008013,4.880368322799166
6.89673307664488,6.517787188812027
5.827308502693477,5.09698305551729
0,0
6.175571177008013,4.880368322799166
6.175571177008013,4.880368322799166
6.89673307664488,6.517787188812027
6.175571177008013,4.880368322799166
6.175571177008013,4.880368322799166
6.175571177008013,4.880368322799166
6.175571177008013,4.880368322799166
6.175571177008013,4.880368322799166
6.175571177008013,4.880368322799166
6.175571177008013,4.880368322799166
8.239143809279671,6.323882134762002
6.175571177008013,4.880368322799166
6.175571177008013,4.880368322799166
6.40313369886124,4.802682026594946
6.175571177008013,4.880368322799166
6.89673307664488,6.517787188812027
6.89673307664488,6.517787188812027
6.175571177008013,4.880368322799166
6.175571177008013,4.880368322799166
5.3999999999999995,5.150000000000001
0,0
0,0
6.175571177008013,4.880368322799166
6.175571177008013,4.880368322799166
6.175571177008013,4.880368322799166
6.175571177008013,4.880368322799166
5.05,5.059999999999999
6.175571177008013,4.880368322799166
6.175571177008013,4.880368322799166
6.175571177008013,4.880368322799166
0,0
0,0
5.827308502693477,5.09698305551729
5.3999999999999995,5.150000000000001
6.175571177008013,4.880368322799166
5.25,4.8500000000000005
6.175571177008013,4.880368322799166
6.175571177008013,4.880368322799166
6.175571177008013,4.880368322799166
6.175571177008013,4.880368322799166
6.89673307664488,6.517787188812027
6.175571177008013,4.880368322799166
6.175571177008013,4.880368322799166
6.175571177008013,4.880368322799166
0,0
6.89673307664488,6.517787188812027
5.827308502693477,5.09698305551729
4.9,4.8
6.175571177008013,4.880368322799166
6.175571177008013,4.880368322799166
0,0
6.175571177008013,4.880368322799166
6.175571177008013,4.880368322799166
0,0
6.175571177008013,4.880368322799166
6.175571177008013,4.880368322799166
0,0
6.175571177008013,4.880368322799166
6.25,6.28
6.175571177008013,4.880368322799166
6.175571177008013,4.880368322799166
5.3999999999999995,5.150000000000001
6.175571177008013,4.880368322799166
7.8500000000000005,6.099999999999999
6.175571177008013,4.880368322799166
6.175571177008013,4.880368322799166
6.175571177008013,4.880368322799166
6.175571177008013,4.880368322799166
6.175571177008013,4.880368322799166
0,0
6.175571177008013,4.880368322799166
6.15,5.35
6.89673307664488,6.517787188812027
6.175571177008013,4.880368322799166
6.175571177008013,4.880368322799166
6.175571177008013,4.880368322799166
6.175571177008013,4.880368322799166
6.175571177008013,4.880368322799166
0,0
6.175571177008013,4.880368322799166
6.175571177008013,4.880368322799166
6.175571177008013,4.880368322799166
6.175571177008013,4.880368322799166
6.175571177008013,4.880368322799166
6.15,5.35
6.175571177008013,4.880368322799166
6.89673307664488,6.517787188812027
6.89673307664488,6.517787188812027
5.827308502693477,5.09698305551729
6.175571177008013,4.880368322799166
6.175571177008013,4.880368322799166
5.827308502693477,5.09698305551729
6.175571177008013,4.880368322799166
6.175571177008013,4.880368322799166
6.175571177008013,4.880368322799166
6.175571177008013,4.880368322799166
6.175571177008013,4.880368322799166
6.89673307664488,6.517787188812027
6.175571177008013,4.880368322799166
5.827308502693477,5.09698305551729
6.175571177008013,4.880368322799166
0,0
5.25,4.8500000000000005
0,0
0,0
6.175571177008013,4.880368322799166
6.175571177008013,4.880368322799166
6.175571177008013,4.880368322799166
6.175571177008013,4.880368322799166
6.175571177008013,4.880368322799166
6.89673307664488,6.517787188812027
5.4099003576903435,4.9819109975097735
0,0
6.89673307664488,6.517787188812027
6.89673307664488,6.517787188812027
6.175571177008013,4.880368322799166
6.175571177008013,4.880368322799166
6.175571177008013,4.880368322799166
0,0
6.175571177008013,4.880368322799166
6.175571177008013,4.880368322799166
6.89673307664488,6.517787188812027
6.175571177008013,4.880368322799166
6.89673307664488,6.517787188812027
0,0
5.25,4.8500000000000005
5.25,4.8500000000000005
0,0
6.175571177008013,4.880368322799166
6.89673307664488,6.517787188812027
6.175571177008013,4.880368322799166
6.175571177008013,4.880368322799166
6.175571177008013,4.880368322799166
6.175571177008013,4.880368322799166
6.175571177008013,4.880368322799166
6.175571177008013,4.880368322799166
6.175571177008013,4.880368322799166
0,0
6.89673307664488,6.517787188812027
6.175571177008013,4.880368322799166
6.191863439813454,5.965128205128205
6.175571177008013,4.880368322799166
6.175571177008013,4.880368322799166
6.175571177008013,4.880368322799166
6.175571177008013,4.880368322799166
6.175571177008013,4.880368322799166
6.175571177008013,4.880368322799166
8.511464961968391,6.140170193477194
6.175571177008013,4.880368322799166
6.175571177008013,4.880368322799166
6.175571177008013,4.880368322799166
6.175571177008013,4.880368322799166
6.175571177008013,4.880368322799166
6.175571177008013,4.880368322799166
0,0
6.175571177008013,4.880368322799166
6.175571177008013,4.880368322799166
6.89673307664488,6.517787188812027
6.175571177008013,4.880368322799166
6.175571177008013,4.880368322799166
6.175571177008013,4.880368322799166
6.175571177008013,4.880368322799166
6.175571177008013,4.880368322799166
5.827308502693477,5.09698305551729
6.175571177008013,4.880368322799166
6.175571177008013,4.880368322799166
6.175571177008013,4.880368322799166
6.175571177008013,4.880368322799166
6.1,5.25
6.175571177008013,4.880368322799166
5.550000000000001,4.561342592592592
0,0
5.040049608167374,5.990333004897971
6.175571177008013,4.880368322799166
6.175571177008013,4.880368322799166
6.175571177008013,4.880368322799166
6.175571177008013,4.880368322799166
6.175571177008013,4.880368322799166
6.175571177008013,4.880368322799166
6.15,5.35
6.89673307664488,6.517787188812027
6.89673307664488,6.517787188812027
6.175571177008013,4.880368322799166
6.175571177008013,4.880368322799166
6.89673307664488,6.517787188812027
6.175571177008013,4.880368322799166
6.175571177008013,4.880368322799166
5.3999999999999995,5.150000000000001
6.175571177008013,4.880368322799166
6.89673307664488,6.517787188812027
6.175571177008013,4.880368322799166
6.175571177008013,4.880368322799166
6.89673307664488,6.517787188812027
6.175571177008013,4.880368322799166
6.89673307664488,6.517787188812027
6.175571177008013,4.880368322799166
6.175571177008013,4.880368322799166
6.175571177008013,4.880368322799166
6.175571177008013,4.880368322799166
6.175571177008013,4.880368322799166
6.89673307664488,6.517787188812027
6.175571177008013,4.880368322799166
6.175571177008013,4.880368322799166
6.265348552792498,5.1908531583264965
6.175571177008013,4.880368322799166
6.175571177008013,4.880368322799166
6.175571177008013,4.880368322799166
6.175571177008013,4.880368322799166
6.175571177008013,4.880368322799166
6.175571177008013,4.880368322799166
6.175571177008013,4.880368322799166
6.175571177008013,4.880368322799166
6.175571177008013,4.880368322799166
6.89673307664488,6.517787188812027
6.175571177008013,4.880368322799166
6.175571177008013,4.880368322799166
6.175571177008013,4.880368322799166
5.1970319634703195,5.177142857142857
6.175571177008013,4.880368322799166
6.175571177008013,4.880368322799166
6.175571177008013,4.880368322799166
0,0
6.175571177008013,4.880368322799166
2.8999999999999995,5.75
6.175571177008013,4.880368322799166
6.175571177008013,4.880368322799166
6.175571177008013,4.880368322799166
6.175571177008013,4.880368322799166
5.827308502693477,5.09698305551729
6.175571177008013,4.880368322799166
6.175571177008013,4.880368322799166
6.89673307664488,6.517787188812027
6.175571177008013,4.880368322799166
6.175571177008013,4.880368322799166
6.175571177008013,4.880368322799166
5.827308502693477,5.09698305551729
6.175571177008013,4.880368322799166
6.175571177008013,4.880368322799166
5.827308502693477,5.09698305551729
0,0
6.175571177008013,4.880368322799166
6.175571177008013,4.880368322799166
6.175571177008013,4.880368322799166
6.175571177008013,4.880368322799166
6.175571177008013,4.880368322799166
6.175571177008013,4.880368322799166
6.175571177008013,4.880368322799166
0,0
6.175571177008013,4.880368322799166
6.175571177008013,4.880368322799166
6.89673307664488,6.517787188812027
6.175571177008013,4.880368322799166
6.89673307664488,6.517787188812027
6.175571177008013,4.880368322799166
0,0
0,0
6.175571177008013,4.880368322799166
6.175571177008013,4.880368322799166
6.175571177008013,4.880368322799166
0,0
6.175571177008013,4.880368322799166
6.175571177008013,4.880368322799166
0,0
6.89673307664488,6.517787188812027
6.175571177008013,4.880368322799166
6.175571177008013,4.880368322799166
6.175571177008013,4.880368322799166
0,0
6.175571177008013,4.880368322799166
0,0
6.175571177008013,4.880368322799166
6.175571177008013,4.880368322799166
6.175571177008013,4.880368322799166
6.175571177008013,4.880368322799166
6.175571177008013,4.880368322799166
0,0
6.175571177008013,4.880368322799166
6.175571177008013,4.880368322799166
6.175571177008013,4.880368322799166
6.175571177008013,4.880368322799166
6.175571177008013,4.880368322799166
6.175571177008013,4.880368322799166
6.89673307664488,6.517787188812027
6.175571177008013,4.880368322799166
6.175571177008013,4.880368322799166
6.175571177008013,4.880368322799166
6.175571177008013,4.880368322799166
5.1970319634703195,5.177142857142857
6.175571177008013,4.880368322799166
6.175571177008013,4.880368322799166
6.89673307664488,6.517787188812027
6.175571177008013,4.880368322799166
6.175571177008013,4.880368322799166
6.175571177008013,4.880368322799166
0,0
6.175571177008013,4.880368322799166
6.175571177008013,4.880368322799166
6.175571177008013,4.880368322799166
6.175571177008013,4.880368322799166
6.175571177008013,4.880368322799166
0,0
6.175571177008013,4.880368322799166
6.175571177008013,4.880368322799166
5.827308502693477,5.09698305551729
6.175571177008013,4.880368322799166
6.175571177008013,4.880368322799166
6.175571177008013,4.880368322799166
0,0
6.175571177008013,4.880368322799166
6.175571177008013,4.880368322799166
6.175571177008013,4.880368322799166
6.175571177008013,4.880368322799166
6.175571177008013,4.880368322799166
7.8500000000000005,6.099999999999999
6.89673307664488,6.517787188812027
6.175571177008013,4.880368322799166
5.987323943661972,5.2635507657402165
6.175571177008013,4.880368322799166
5.987323943661972,5.2635507657402165
6.175571177008013,4.880368322799166
5.750000000000001,5.05
6.175571177008013,4.880368322799166
6.175571177008013,4.880368322799166
6.89673307664488,6.517787188812027
6.6499999999999995,5.85
6.175571177008013,4.880368322799166
6.89673307664488,6.517787188812027
6.175571177008013,4.880368322799166
6.89673307664488,6.517787188812027
6.175571177008013,4.880368322799166
6.175571177008013,4.880368322799166
6.175571177008013,4.880368322799166
6.175571177008013,4.880368322799166
6.175571177008013,4.880368322799166
6.800000000000001,6.000000000000001
0,0
6.175571177008013,4.880368322799166
6.175571177008013,4.880368322799166
6.265348552792498,5.1908531583264965
6.175571177008013,4.880368322799166
5.200000000000001,4.3
6.175571177008013,4.880368322799166
6.175571177008013,4.880368322799166
6.175571177008013,4.880368322799166
6.175571177008013,4.880368322799166
6.175571177008013,4.880368322799166
6.175571177008013,4.880368322799166
5.827308502693477,5.09698305551729
0,0
6.89673307664488,6.517787188812027
6.175571177008013,4.880368322799166
6.175571177008013,4.880368322799166
6.175571177008013,4.880368322799166
6.175571177008013,4.880368322799166
6.89673307664488,6.517787188812027
6.175571177008013,4.880368322799166
6.175571177008013,4.880368322799166
6.175571177008013,4.880368322799166
6.175571177008013,4.880368322799166
6.175571177008013,4.880368322799166
6.175571177008013,4.880368322799166
6.175571177008013,4.880368322799166
5.1970319634703195,5.177142857142857
6.175571177008013,4.880368322799166
6.175571177008013,4.880368322799166
6.175571177008013,4.880368322799166
6.175571177008013,4.880368322799166
6.175571177008013,4.880368322799166
6.175571177008013,4.880368322799166
6.175571177008013,4.880368322799166
6.175571177008013,4.880368322799166
5.3999999999999995,5.150000000000001
6.175571177008013,4.880368322799166
0,0
6.051762353706112,4.501459175511792
6.175571177008013,4.880368322799166
0,0
0,0
6.175571177008013,4.880368322799166
7.170032930845226,3.5921052631578942
6.175571177008013,4.880368322799166
6.175571177008013,4.880368322799166
6.89673307664488,6.517787188812027
0,0
6.175571177008013,4.880368322799166
6.175571177008013,4.880368322799166
6.175571177008013,4.880368322799166
6.175571177008013,4.880368322799166
6.175571177008013,4.880368322799166
6.175571177008013,4.880368322799166
6.175571177008013,4.880368322799166
5.827308502693477,5.09698305551729
6.175571177008013,4.880368322799166
6.175571177008013,4.880368322799166
6.175571177008013,4.880368322799166
6.175571177008013,4.880368322799166
5.3999999999999995,5.150000000000001
6.175571177008013,4.880368322799166
6.175571177008013,4.880368322799166
6.175571177008013,4.880368322799166
0,0
6.175571177008013,4.880368322799166
0,0
7.050000000000001,5.700000000000001
5.827308502693477,5.09698305551729
6.265348552792498,5.1908531583264965
6.175571177008013,4.880368322799166
5.827308502693477,5.09698305551729
6.175571177008013,4.880368322799166
6.175571177008013,4.880368322799166
6.89673307664488,6.517787188812027
6.175571177008013,4.880368322799166
6.175571177008013,4.880368322799166
6.175571177008013,4.880368322799166
6.175571177008013,4.880368322799166
6.175571177008013,4.880368322799166
6.175571177008013,4.880368322799166
0,0
6.175571177008013,4.880368322799166
6.175571177008013,4.880368322799166
6.175571177008013,4.880368322799166
6.175571177008013,4.880368322799166
6.175571177008013,4.880368322799166
6.175571177008013,4.880368322799166
6.175571177008013,4.880368322799166
6.175571177008013,4.880368322799166
6.175571177008013,4.880368322799166
6.175571177008013,4.880368322799166
6.175571177008013,4.880368322799166
6.175571177008013,4.880368322799166
6.175571177008013,4.880368322799166
0,0
6.175571177008013,4.880368322799166
6.15,5.35
6.175571177008013,4.880368322799166
6.175571177008013,4.880368322799166
6.6499999999999995,5.85
6.175571177008013,4.880368322799166
6.175571177008013,4.880368322799166
5.415686274509803,4.550406504065041
6.175571177008013,4.880368322799166
0,0
6.175571177008013,4.880368322799166
6.6499999999999995,5.85
5.75,5.8
6.175571177008013,4.880368322799166
6.89673307664488,6.517787188812027
6.175571177008013,4.880368322799166
6.175571177008013,4.880368322799166
5.827308502693477,5.09698305551729
6.175571177008013,4.880368322799166
6.175571177008013,4.880368322799166
0,0
6.175571177008013,4.880368322799166
6.175571177008013,4.880368322799166
6.175571177008013,4.880368322799166
6.175571177008013,4.880368322799166
6.175571177008013,4.880368322799166
6.175571177008013,4.880368322799166
6.175571177008013,4.880368322799166
6.175571177008013,4.880368322799166
6.175571177008013,4.880368322799166
6.175571177008013,4.880368322799166
0,0
0,0
6.8238241050343404,5.213304548817566
6.175571177008013,4.880368322799166
6.175571177008013,4.880368322799166
6.175571177008013,4.880368322799166
6.175571177008013,4.880368322799166
6.175571177008013,4.880368322799166
6.175571177008013,4.880368322799166
6.175571177008013,4.880368322799166
6.89673307664488,6.517787188812027
6.175571177008013,4.880368322799166
6.175571177008013,4.880368322799166
5.2518167173837185,4.847577938065717
6.25,6.28
6.175571177008013,4.880368322799166
0,0
6.175571177008013,4.880368322799166
6.175571177008013,4.880368322799166
6.175571177008013,4.880368322799166
6.175571177008013,4.880368322799166
6.175571177008013,4.880368322799166
6.175571177008013,4.880368322799166
6.175571177008013,4.880368322799166
6.175571177008013,4.880368322799166
8.25,6.6
6.89673307664488,6.517787188812027
6.175571177008013,4.880368322799166
6.175571177008013,4.880368322799166
6.175571177008013,4.880368322799166
6.175571177008013,4.880368322799166
6.89673307664488,6.517787188812027
6.89673307664488,6.517787188812027
0,0
0,0
6.89673307664488,6.517787188812027
6.175571177008013,4.880368322799166
5.827308502693477,5.09698305551729
6.89673307664488,6.517787188812027
6.175571177008013,4.880368322799166
6.175571177008013,4.880368322799166
6.175571177008013,4.880368322799166
6.175571177008013,4.880368322799166
6.175571177008013,4.880368322799166
6.175571177008013,4.880368322799166
6.175571177008013,4.880368322799166
6.175571177008013,4.880368322799166
0,0
6.89673307664488,6.517787188812027
6.175571177008013,4.880368322799166
5.827308502693477,5.09698305551729
6.175571177008013,4.880368322799166
5.827308502693477,5.09698305551729
6.175571177008013,4.880368322799166
7.170032930845226,3.5921052631578942
6.175571177008013,4.880368322799166
6.051762353706112,4.501459175511792
6.175571177008013,4.880368322799166
6.175571177008013,4.880368322799166
6.175571177008013,4.880368322799166
6.89673307664488,6.517787188812027
6.175571177008013,4.880368322799166
6.175571177008013,4.880368322799166
6.175571177008013,4.880368322799166
6.175571177008013,4.880368322799166
6.175571177008013,4.880368322799166
6.89673307664488,6.517787188812027
6.175571177008013,4.880368322799166
6.175571177008013,4.880368322799166
5.200000000000001,4.7
0,0
5.200000000000001,4.7
6.175571177008013,4.880368322799166
0,0
6.175571177008013,4.880368322799166
0,0
0,0
6.175571177008013,4.880368322799166
0,0
5.827308502693477,5.09698305551729
0,0
6.175571177008013,4.880368322799166
6.175571177008013,4.880368322799166
5.3999999999999995,5.150000000000001
6.89673307664488,6.517787188812027
6.175571177008013,4.880368322799166
6.175571177008013,4.880368322799166
0,0
6.175571177008013,4.880368322799166
6.175571177008013,4.880368322799166
6.175571177008013,4.880368322799166
7.222935779816516,4.792477876106195
6.175571177008013,4.880368322799166
6.175571177008013,4.880368322799166
6.175571177008013,4.880368322799166
6.175571177008013,4.880368322799166
0,0
6.89673307664488,6.517787188812027
6.89673307664488,6.517787188812027
7.3,4.75
6.175571177008013,4.880368322799166
6.175571177008013,4.880368322799166
6.175571177008013,4.880368322799166
6.175571177008013,4.880368322799166
4.95,5.156849315068492
5.3999999999999995,5.150000000000001
6.175571177008013,4.880368322799166
5.4,4.449999999999999
6.175571177008013,4.880368322799166
6.175571177008013,4.880368322799166
6.175571177008013,4.880368322799166
6.175571177008013,4.880368322799166
6.175571177008013,4.880368322799166
6.175571177008013,4.880368322799166
6.175571177008013,4.880368322799166
6.175571177008013,4.880368322799166
0,0
6.175571177008013,4.880368322799166
0,0
6.175571177008013,4.880368322799166
6.175571177008013,4.880368322799166
6.175571177008013,4.880368322799166
6.175571177008013,4.880368322799166
6.175571177008013,4.880368322799166
0,0
6.175571177008013,4.880368322799166
6.175571177008013,4.880368322799166
6.175571177008013,4.880368322799166
7.799999999999999,6.049999999999999
6.175571177008013,4.880368322799166
6.175571177008013,4.880368322799166
6.175571177008013,4.880368322799166
6.175571177008013,4.880368322799166
5.827308502693477,5.09698305551729
6.175571177008013,4.880368322799166
6.175571177008013,4.880368322799166
6.175571177008013,4.880368322799166
6.89673307664488,6.517787188812027
6.175571177008013,4.880368322799166
6.175571177008013,4.880368322799166
6.89673307664488,6.517787188812027
5.827308502693477,5.09698305551729
0,0
6.175571177008013,4.880368322799166
6.175571177008013,4.880368322799166
5.827308502693477,5.09698305551729
6.175571177008013,4.880368322799166
6.175571177008013,4.880368322799166
6.175571177008013,4.880368322799166
6.175571177008013,4.880368322799166
6.175571177008013,4.880368322799166
6.89673307664488,6.517787188812027
6.175571177008013,4.880368322799166
6.175571177008013,4.880368322799166
6.175571177008013,4.880368322799166
6.175571177008013,4.880368322799166
6.175571177008013,4.880368322799166
6.175571177008013,4.880368322799166
6.175571177008013,4.880368322799166
5.827308502693477,5.09698305551729
6.175571177008013,4.880368322799166
6.175571177008013,4.880368322799166
6.175571177008013,4.880368322799166
5.827308502693477,5.09698305551729
6.175571177008013,4.880368322799166
6.175571177008013,4.880368322799166
6.175571177008013,4.880368322799166
6.175571177008013,4.880368322799166
6.15,5.35
0,0
6.175571177008013,4.880368322799166
6.175571177008013,4.880368322799166
0,0
5.827308502693477,5.09698305551729
5.827308502693477,5.09698305551729
0,0
5.827308502693477,5.09698305551729
5.827308502693477,5.09698305551729
6.175571177008013,4.880368322799166
6.175571177008013,4.880368322799166
6.175571177008013,4.880368322799166
6.175571177008013,4.880368322799166
6.175571177008013,4.880368322799166
6.89673307664488,6.517787188812027
6.175571177008013,4.880368322799166
6.175571177008013,4.880368322799166
6.175571177008013,4.880368322799166
0,0
6.175571177008013,4.880368322799166
6.89673307664488,6.517787188812027
6.175571177008013,4.880368322799166
6.175571177008013,4.880368322799166
6.175571177008013,4.880368322799166
0,0
0,0
0,0
6.175571177008013,4.880368322799166
0,0
6.175571177008013,4.880368322799166
6.175571177008013,4.880368322799166
6.175571177008013,4.880368322799166
6.175571177008013,4.880368322799166
0,0
0,0
6.175571177008013,4.880368322799166
6.175571177008013,4.880368322799166
0,0
6.89673307664488,6.517787188812027
6.175571177008013,4.880368322799166
6.175571177008013,4.880368322799166
6.175571177008013,4.880368322799166
6.89673307664488,6.517787188812027
6.175571177008013,4.880368322799166
6.175571177008013,4.880368322799166
6.175571177008013,4.880368322799166
6.175571177008013,4.880368322799166
6.175571177008013,4.880368322799166
6.175571177008013,4.880368322799166
6.175571177008013,4.880368322799166
6.175571177008013,4.880368322799166
6.175571177008013,4.880368322799166
6.15,5.35
6.175571177008013,4.880368322799166
6.175571177008013,4.880368322799166
6.175571177008013,4.880368322799166
6.265348552792498,5.1908531583264965
6.175571177008013,4.880368322799166
6.175571177008013,4.880368322799166
6.175571177008013,4.880368322799166
6.175571177008013,4.880368322799166
6.175571177008013,4.880368322799166
6.175571177008013,4.880368322799166
6.175571177008013,4.880368322799166
6.175571177008013,4.880368322799166
6.175571177008013,4.880368322799166
6.175571177008013,4.880368322799166
6.175571177008013,4.880368322799166
0,0
6.175571177008013,4.880368322799166
6.175571177008013,4.880368322799166
6.175571177008013,4.880368322799166
6.175571177008013,4.880368322799166
6.15,5.35
5.3999999999999995,5.150000000000001
6.175571177008013,4.880368322799166
0,0
6.175571177008013,4.880368322799166
6.175571177008013,4.880368322799166
0,0
0,0
0,0
6.175571177008013,4.880368322799166
0,0
6.175571177008013,4.880368322799166
6.175571177008013,4.880368322799166
6.175571177008013,4.880368322799166
6.175571177008013,4.880368322799166
6.89673307664488,6.517787188812027
6.175571177008013,4.880368322799166
6.175571177008013,4.880368322799166
0,0
7.3,4.75
6.175571177008013,4.880368322799166
6.175571177008013,4.880368322799166
6.175571177008013,4.880368322799166
6.175571177008013,4.880368322799166
6.175571177008013,4.880368322799166
6.175571177008013,4.880368322799166
6.175571177008013,4.880368322799166
6.175571177008013,4.880368322799166
6.175571177008013,4.880368322799166
6.175571177008013,4.880368322799166
0,0
6.175571177008013,4.880368322799166
6.175571177008013,4.880368322799166
6.175571177008013,4.880368322799166
6.175571177008013,4.880368322799166
0,0
6.175571177008013,4.880368322799166
6.175571177008013,4.880368322799166
6.175571177008013,4.880368322799166
6.175571177008013,4.880368322799166
6.89673307664488,6.517787188812027
6.175571177008013,4.880368322799166
6.175571177008013,4.880368322799166
6.175571177008013,4.880368322799166
6.175571177008013,4.880368322799166
6.051762353706112,4.501459175511792
6.175571177008013,4.880368322799166
6.175571177008013,4.880368322799166
6.175571177008013,4.880368322799166
6.175571177008013,4.880368322799166
6.175571177008013,4.880368322799166
6.175571177008013,4.880368322799166
6.175571177008013,4.880368322799166
6.175571177008013,4.880368322799166
6.175571177008013,4.880368322799166
6.175571177008013,4.880368322799166
6.175571177008013,4.880368322799166
6.175571177008013,4.880368322799166
6.175571177008013,4.880368322799166
6.175571177008013,4.880368322799166
6.175571177008013,4.880368322799166
6.175571177008013,4.880368322799166
6.175571177008013,4.880368322799166
6.175571177008013,4.880368322799166
6.175571177008013,4.880368322799166
6.175571177008013,4.880368322799166
6.175571177008013,4.880368322799166
6.175571177008013,4.880368322799166
5.849999999999999,5.749999999999999
6.175571177008013,4.880368322799166
6.175571177008013,4.880368322799166
6.89673307664488,6.517787188812027
6.175571177008013,4.880368322799166
6.175571177008013,4.880368322799166
6.175571177008013,4.880368322799166
6.175571177008013,4.880368322799166
6.175571177008013,4.880368322799166
6.175571177008013,4.880368322799166
6.175571177008013,4.880368322799166
6.175571177008013,4.880368322799166
6.175571177008013,4.880368322799166
5.150000000000001,5.8999999999999995
6.175571177008013,4.880368322799166
6.175571177008013,4.880368322799166
6.175571177008013,4.880368322799166
6.175571177008013,4.880368322799166
6.175571177008013,4.880368322799166
6.175571177008013,4.880368322799166
6.175571177008013,4.880368322799166
6.175571177008013,4.880368322799166
6.175571177008013,4.880368322799166
6.175571177008013,4.880368322799166
6.175571177008013,4.880368322799166
5.2,4.55
6.175571177008013,4.880368322799166
6.175571177008013,4.880368322799166
6.175571177008013,4.880368322799166
6.175571177008013,4.880368322799166
6.175571177008013,4.880368322799166
6.175571177008013,4.880368322799166
6.1437180695402,5.286641609821049
6.175571177008013,4.880368322799166
6.175571177008013,4.880368322799166
6.175571177008013,4.880368322799166
6.175571177008013,4.880368322799166
6.89673307664488,6.517787188812027
6.05,4.5
6.05,4.5
7.8500000000000005,6.099999999999999
6.05,4.5
6.05,4.5
0,0
6.05,4.5
6.175571177008013,4.880368322799166
6.05,4.5
6.15,5.35
6.05,4.5
6.05,4.5
6.05,4.5
6.05,4.5
6.05,4.5
6.05,4.5
6.89673307664488,6.517787188812027
0,0
