957333534796021762 1
1018568298961735681 0
780270335622905857 2
1018536596650356737 0
903280164725030920 0
1018620089309024257 0
1018686520797155329 0
1018545753403396096 0
917749602220113922 0
1018801622221230080 0
911774913677193217 1
767821076390871044 1
302284835 1
354385968 0
1018484398327463936 0
413532217 1
1952481338 0
1018951644988440576 0
260800575 0
1018598961723117573 0
326828097 0
1018647836550889472 0
986329324331651072 0
1018551361884041216 0
1018557028984410112 0
780337237 0
934824508996902912 2
1018516520777859072 0
1018509406785425408 0
339312745 0
1018529070097760257 0
1018531062664876034 0
281837680 1
104104059 0
1018592145014476801 0
68026501 1
767436745142964224 1
521961608 0
1018495536654102528 0
418742419 1
1018505327568998401 0
334889109 2
922717736488263680 0
1353220254 2
1018547926077878273 0
1414463658 2
1018506249141305344 0
701202090555789312 2
757811833914789890 0
1018616406802395136 0
3019079884 0
1018552295397773312 0
106627107 0
1018521045488332801 0
277348585 2
1018551208125108224 0
928153842 0
1018520549352493056 0
787487085460656129 2
1018501959450550273 0
2496758011 0
1018506421078355968 0
981344220911931392 0
1018551155813748736 0
1018552608745803776 0
1018491172157906944 0
535331078 2
127405849 1
187203883 0
959270937370681345 0
1018521501958594562 0
4441080112 1
138969408 0
1018511929684393984 0
133103939 2
3316187460 0
990425126461157376 2
1018554891130851328 0
2898809640 2
4614062416 2
202277212 0
1018514059946348545 0
323584363 2
1018614648650813442 0
198279542 0
1018640075985424384 0
485884292 2
282657164 1
983476009990348801 0
1018534726154452992 0
101646749 1
2366734760 2
1018552428801622021 0
464355755 2
131301812 0
1018880042158436354 0
431849912 0
1018846516117729280 0
1018548936703913984 0
125703583 0
1018553163119517702 0
171606463 0
227246543 0
1018624755866402821 0
946864592 1
1018543254453784576 0
583565778 0
1068597716 1
1018370797918965763 0
760578517 2
1018507052136706048 0
138772960 0
918953716773990401 0
803406325 1
560431606 0
1018541623007821824 0
165937655 0
1002439160 0
1018718329605967872 0
854529563346567168 1
1635615240 0
1018545394219876358 0
46957072 1
146211356 0
3365208609 0
1018565188537049088 0
243886854 1
68289068 0
1018555946463842304 0
938772137556566018 0
1018508843821641728 0
622133829 0
1018535477954179072 0
178553426 0
373457508 1
713082720952328192 0
960294915346493445 0
1018509767898271744 0
1416233600 0
1018561615803899905 0
710602198955085824 0
1018539185655906305 0
89326217 1
182616721 0
779813721103368193 1
1018852646160142336 0
399245977 1
374637213 1
3294167711 1
569213601 1
1018540981984157701 0
2150269631 0
1018505463485394944 0
1208976072 1
54035158 0
550470359 1
359105241 1
2711716571 2
1018548969100566528 0
746433023873327104 2
241631978 0
1018554565875130369 0
1306002182 1
1086817033 1
1015629456550121472 2
2854454052 1
77333295 0
1018867257487777792 0
1381008181 1
1395131191 1
51905339 2
2308932415 0
1018532968090906624 0
104006465 0
113083210 0
1018546190147817472 0
166363984 0
1018521705310908416 0
84870006 0
35849082 0
816834112996732929 2
1018511070380658688 0
1720746894 0
993413153122906112 0
1018322261823062016 0
1378419619 2
1018625149401272320 0
3226862500 0
1018542419715842048 0
217482152 0
1018551766407831552 0
869328739867525120 2
121209776 0
132383677 0
284689346 1
712449246159618048 0
1018523133706317824 0
132973521 0
1688372184 0
310510556 1
135300061 2
428573662 1
111346665 1
2445542380 0
1018514617407098880 0
46302189 0
1382286319 2
2893349890 1
201819139 0
1018504832292974592 0
504595465 1
398263307 0
1018552357624442881 0
3920364557 0
1018523284080615424 0
257917986 1
84739113 1
182191156 1
1906213944 0
1018551375796596737 0
1018362710415872000 1
591430725 2
4710499403 1
251298904 0
1013196114936418305 0
1003455595 2
555615340 0
882249207007985666 2
1018551739346309120 0
1403847804 0
2857141378 1
780869947207487488 0
88212619 0
1018521283116576770 0
429556880 2
1639154850 0
1018729440228982786 0
758528404211666945 0
1072858278 0
1018562504132349952 0
28509356 0
1018539256178987009 0
1548879025 0
4914644158 1
832690846432530434 1
2981594310 0
701246904160509953 0
1018510001235734530 0
296486104 1
962626777 0
1615004894 1
742687968 2
1018603722232991745 0
939257439869964289 0
1018512253849653248 0
58328293 1
329352429 0
58918131 2
980146124500512768 2
716375297 0
1018520758291755009 0
4250043652 0
1018507566333165568 0
2517140749 0
1018752355108622336 0
146572559 1
4697556253 0
1018565339993575424 0
4845995294 0
1018515403637645312 0
792100347305000960 2
1018553539927437313 0
869860644 2
1018542821404487680 0
952755088623374336 0
2955838792 0
3011544396 1
731282319475134464 0
1006493646244532224 0
1018539686531338240 0
1018538046029991936 0
297141592 0
1018573743487094787 0
2480244061 2
1018505944806952960 0
2416444776 0
143623531 2
1018531770034216960 0
475923820 0
1018589370419433473 0
809862511 1
141821298 0
1021019516 2
2240677245 0
114034063 1
25527703 0
620299673 0
1018510237915967493 0
978126234 0
386270620 1
859577113082462208 2
3050014138 2
92214860 1
939985621292077056 2
341902812 2
1018506844719984640 0
3400821669 0
1018554631029428224 0
1172866530 0
825106648826011650 0
51611111 2
1018539865774882817 0
186091002 1
517080574 0
506234372 0
1018553301791633410 0
2988410386 0
3015050781 2
1006975648726953984 0
1018523266967916544 0
3546580522 0
1018578429564932097 0
421135916 0
1018554267312025600 0
755107376 0
1018506584522182657 0
68027956 0
997859162729086977 1
1018526594191638533 0
352355894 0
1018531835863846913 0
96142910 0
1018485005012668416 0
889469981133606912 2
3016361536 0
1018533232189497344 0
1018533504659828736 0
1018535249452531714 0
1018539411829473281 0
943284637245243392 0
1018892097787777024 0
2336196173 0
998294274591608832 1
2163377748 1
231245398 0
775489049054154752 0
609191524 1
349210213 1
628754033 1
119932535 1
719015041144467456 0
1018546380711911425 0
859607769749442560 0
103450248 0
1950368023 0
2148730510 2
1018573060339896327 0
893299983671324672 0
1018507638945050624 0
1000118616136667137 1
312805029 0
1018520983366524929 0
255821478 0
134350505 0
2319287982 1
951965477080793089 2
216893114 1
1018533267736350721 0
974356482991980544 2
1018860656248967168 0
1014781986274148354 2
197199586 1
994477795 2
468911845 0
1018534624572641282 0
2344519399 2
2930378474 0
806974139793887232 1
1018541754948177922 0
1053624054 2
1018552573400354816 0
3003844343 2
2720433912 0
903604991159660545 2
353961745 2
927372285597556737 0
118589225 1
761663287796854784 2
2287109958 0
108463965 2
1018526331770896384 0
310511454 0
1018535499747774464 0
981469028 0
4895266449 0
1018528085015257088 0
928022949944180736 2
772059781288828928 2
1018537225682907137 0
919670698401918976 0
1018533484183392256 0
140543859 0
51611512 0
100468606 2
1018497999662669830 0
922186054987337730 0
71370636 0
969303265119793152 1
1018288777087930369 0
93947799 0
1018536336012267521 0
114753860 2
1018521415161696256 0
878492343267205121 2
1018533154200514563 0
261785513 0
142804918 0
105678781 0
4139616193 0
3316975554 0
238290887 1
1167362006 1
148441059 1
3567585253 0
1018532794954321921 0
932754903499501568 1
148408301 0
1018581069824749569 0
942565163999383552 2
139266056 1
305956875 2
1018613914018467840 0
134678540 2
944710273432276992 0
175933461 1
1008753823261880320 0
395937822 2
97355810 0
1018543354496389120 0
1390970918 1
2511472682 0
1018586856697548805 0
260868141 2
3013675062 0
369330231 2
868845625 0
1018512084126949377 0
101615679 0
890612493541834752 0
226232403 0
993926387730976773 1
4391798892 1
324798575 1
2483849328 1
1018460165895434245 0
2869233778 0
161187971 2
1018553489079840768 0
819531670730641408 0
1018626615977406466 0
6817942 1
985127753216245762 0
170461340 0
362088610 1
399575203 0
738160240944812033 0
860017187892932608 1
760416426 2
4860741804 1
1018563787677425664 0
196348079 0
323291328 1
731984077750865922 0
108726468 0
1021144099 0
861055491597905920 2
189204718 2
892513857385750529 2
139626738 0
870451454 1
496273666 0
209029392 1
1370327316 0
1012074790960672768 0
1018526352566378496 0
3825600808 0
1018511489660055554 0
410585385 0
1018540076723142658 0
2188937522 0
1018521527418015744 0
599984446 0
1018511328468557824 0
1018523208176340998 0
992594143850450949 0
912877158141394944 2
1018533501660852224 0
859597196228009984 0
1018503627118469121 0
240159070 0
511215972 0
1510790886 0
346786156 0
988289351707639808 2
2208139640 0
160369019 0
1018528396127567873 0
307628412 2
1018563948172513280 0
167971198 1
318540169 0
865259720164225024 1
221972881 0
286853522 2
141658515 1
1018533617667051520 0
3054832020 0
2371062182 0
1018520701945417729 0
317524408 0
4543580601 1
754500922194165760 2
993892086 1
1018602632603201537 0
379357652 2
240388566 2
1011369531141443590 0
1018845367364915200 0
237504999 0
2323253738 0
81136111 1
419561896 2
772677536404819968 0
419891711 0
1003322806531223552 1
27003424 1
1018549564557725698 0
867947870569345025 2
1018522393638309888 0
71928359 0
1018516345980215297 0
1006930817732546561 2
456180147 1
286853685 1
305302070 0
451611194 1
1682082391 1
197221849 1
229968483 0
147065455 2
59378288 1
808425145752834048 0
138840694 1
834433920313724932 0
1018633857703337984 0
332860033 0
194677380 1
752296431319339008 2
1018531237822992384 0
1016183483838935040 0
738533950977671168 1
1018960017687539712 0
481364641 0
1018507899113541633 0
962014620079874048 2
780863837306179585 1
1018504758246731777 0
284213702 2
710519043254525952 2
850527885563711490 1
1339951790 2
702286518 0
2202012344 0
3818982074 1
760277258011418625 0
1018510749730332672 0
748759462832328706 2
171248335 0
1018621295221727237 0
151063251 1
171641558 0
1018525279734714371 0
2388003548 1
475302621 1
1018622100788203525 0
1049856745 0
1018508519111213056 0
1522109168 0
1018523579204493312 0
360844026 0
855804668 0
967023404758028289 1
34392514 1
2990312211 1
793470624660279301 2
2387446569 0
1018522283483295744 0
3418819372 0
3148974894 1
3129215795 1
1017315549565603841 0
1018572827128156161 0
726065213817102337 1
276826943 0
267488070 0
1018551828122914821 0
2218822471 0
207752010 0
753017639354691584 2
389876578 0
2505411428 2
1018540541011791874 0
1067092838 1
797130494651564032 2
443485035 0
1018531808135262210 0
1018532908267724800 0
559745903 0
119245709 1
1018555915786567681 0
1018545336334381063 0
996804599582408704 0
1018530591921377280 0
803245165397897216 2
862325682 0
844204986 1
784103573806252032 0
91925666 0
944540624 1
703010998882586624 1
552242145 0
127118507 0
1195478035 0
1018530454868254725 0
279251992 0
2917993514 0
131664942 1
115215417 1
961415507177082880 2
1018541979595046913 0
3439692869 2
565546067 0
1104415830 0
962167146850766849 2
1018504316930445312 0
448629874 1
704810100 0
1018525574439079937 0
885237005281484800 0
1018549598716092418 0
1018541543169429507 0
1018535023631142912 0
1018527662644580353 0
795408331292766209 0
1018504251960541186 0
1344507030 0
2702052511 0
850408508063232000 0
849382572 0
164039854 0
550571183 2
3234172086 0
84249783 0
2485554360 0
2868874431 0
2696481994 0
736228100678275072 0
2977631440 2
104729810 1
1018690452403482625 0
304811221 0
820335384840245248 2
1018544394478280704 0
2384137441 0
1018554617385414656 0
273779950 1
335023344 2
521899253 0
753656304166723584 1
355863806 1
868893916338073600 2
18255111 1
1018553927527223297 0
774053475898560513 0
1018510485556289536 0
769209861422800897 2
900324777566580736 1
77368595 2
629804312 0
1018695603658870786 0
2495679770 2
225283363 1
1019047222657331201 0
767692070 0
2854718772 2
1018875502227087360 0
1018828484028911617 0
979896273237979137 0
1018509006380208128 0
352685378 0
1018688136967118848 0
948440388 0
1011004080683175937 1
1018307159027867648 0
925515365421023232 2
1018500719438192641 0
2447510884 1
974141626485534720 1
920170957125357568 0
3158347144 0
760997807998328833 1
252317076 1
1018542266858770437 0
1695387037 0
2999487905 2
131370402 2
1018504571054952448 0
955280087359868930 0
1018591636668977153 0
1018592047513702400 0
1018593699272503296 0
1018593783661912064 0
1018594784116649985 0
1018599269874487297 0
1058835894 0
1018549756681846784 0
135925176 2
2348649914 1
809504210 2
736326501520572416 0
45518310 2
4389539305 0
626953711 0
76221936 0
138055154 2
154603024 0
766545434 0
121671200 0
625708580 0
1714556454 0
1018546676687101952 0
3346075198 2
731214345435127808 0
966504730531856384 0
245042765 2
404164186 0
1018556833764659200 0
933518994212052992 0
1704857197 1
738543232162791425 0
983273077 1
294240873 0
1018535086441074691 0
142446207 0
896253032836485120 0
1018521401991589893 0
561450632 1
470716042 0
127307404 1
151686798 0
922226071961063424 0
1018535410819928064 0
973776128208003072 0
996092914185916417 2
1018504158222213120 0
2614136486 1
301633199 0
151916218 1
943502535280791552 2
168726229 2
998299981302808576 1
131960536 0
1219333854 1
901592023504998400 0
130977533 1
135565055 1
2192248581 1
3686207238 0
472223495 1
1007769872657534976 0
1018626787188924417 0
236687125 1
278630169 2
170069786 1
92147488 1
1342869283 2
1018506138537594882 0
291475239 0
941012641467846657 2
976650533040570368 0
1915588406 0
1018545647190831104 0
39420553 0
1018672931499593730 0
123309881 1
1017297114358059008 0
501419840 0
82756235 2
474222412 1
96767825 0
1018626185377480705 0
327159647 2
87101280 0
1018536775571132416 0
276631400 1
990681725226405888 1
508280461 0
952688359884902405 1
1018535377689145349 0
402952054 0
1018505989811769344 0
983781615410311168 0
1018535112760283137 0
4183363453 0
1018541116851916801 0
1018628956122243072 0
281579408 0
362155921 0
1018512763151421440 0
4721250198 0
1206357912 0
100011936 1
244682658 1
1018562527582711808 0
993651276335460352 1
991121640007364613 0
300453821 0
1005227215758544898 2
3152023495 0
499421135 0
1018509155966029827 0
135761881 0
1018620653686149126 0
1018596365184598018 0
2863108062 1
3357347807 0
1018580029675098112 0
954788095462924288 0
1018666766204047362 0
742527200327438336 2
1018527029195444224 0
239865838 0
1018698267901726721 0
771508771138834434 0
1004155506167091203 1
495325188 2
907631971974746118 1
969697309910077448 0
1018567630595284992 0
999765724381024265 2
1212551185 1
878241775932108800 2
160370713 1
64393243 0
435392544 0
220008481 1
945016181626417152 0
4194209832 0
1018544776218578945 0
993730175048339456 2
624201805 2
1018532429869539330 0
146477137 0
1018528532002197504 0
836295826611834880 2
1018498923420372993 0
1018530984784953344 0
847195495 0
4865298542 1
1018543267128979457 0
3220541558 0
1018490315320233984 0
2957873277 0
1018541475183976451 0
1018518523289702405 0
1018559717054898176 0
2924318850 1
729040782775160832 1
583438474 0
1015216857543069696 1
881268093816897536 0
1018540095090184193 0
996317077727207424 2
2648567151 0
165417116 1
758767989009289217 0
113512617 1
896188199235715072 2
932286637 0
954330354340462593 2
206475465 0
1018546040121806848 0
714771678270631936 0
1018520353776250880 0
135467213 2
131698901 0
973323495861080064 0
1009928328986398720 0
1018536369713491968 0
605720830 0
1018547312149217280 0
380965123 0
119083270 0
2321387785 0
160796940 1
328339731 0
3390345501 2
178196772 0
1018550226708320256 0
225972525 0
2390135086 0
706640130899968001 2
1018772790252593152 0
310087987 2
903008912068268032 1
476713276 1
196592353 1
855777942638604288 2
3280933208 0
720011368636620801 0
1018519617503989762 0
104869263 0
1018541567852843009 0
34836846 0
4693496179 0
55906687 1
88084870 2
247736868 0
201200020 0
1516736922 2
946823484495355905 2
125538737 0
742179195074138112 0
1018536301233147905 0
433426874 2
991460511324622848 2
1305809376 0
950099957360537601 0
1018565475138260994 0
2422673896 1
161649133 2
1018498602086387712 0
814279942875860992 0
1018524245272473602 0
2646348272 0
1018501495480901633 0
890119922759729152 0
1018560863106723841 0
587829771 0
2952499732 1
136843797 0
1339363867 1
1018489430317895682 0
974492197 2
185799224 2
1956680256 0
1018513856409333761 0
242422337 0
178557506 2
973875611004489728 2
134972175 2
780103512155824128 2
1018807626178682886 0
211980906 0
70455922 1
347411061 0
1018521753902043136 0
1858703996 1
138547844 1
739604596163760128 2
126358152 1
589861518 2
2323852739 0
154931860 1
257266332 1
730107661082054657 2
369791657 2
367104692 0
1018514616274604033 0
445911751 2
138973898 1
904723390417788929 2
972479733232521216 0
287445715 1
772222460091572225 1
927013076976721920 1
739909149648166912 1
804482666573758464 1
2189005555 0
1018550123666792448 0
761573072168218624 0
4164522745 1
110662396 2
950745714782597121 2
160699158 0
1018521306625642499 0
68571141 0
971399293746798592 1
468816682 2
1018514848899092481 0
847218974878302208 0
961793114292850689 1
2713752367 0
2316047156 2
259953461 2
1007006386822242304 0
3600683833 0
785912634 2
994814429110919170 2
465605441 2
188519264 0
1710560101 0
1325536147 0
1018536746705981442 0
1018534170929217536 0
1018521938904408068 0
1018521369032740864 0
1018534311736283136 0
1018540048877281283 0
1018532315037884416 0
189089735 1
864677652971565056 1
151950267 0
130552782 1
145724373 0
1892029405 0
392910653 1
18781170 0
475108341 0
549721087 1
122065928 0
1018512242172682240 0
385750032 1
134222881 2
515064668 0
159150222 1
709327743733751808 0
563745850 0
3091698748 0
473633859 1
808784965 0
1018539832426016769 0
987016922620362752 0
103978057 1
37940750 2
945692661817708544 0
1018530738948452357 0
478778460 1
68916322 0
128014523 2
1018608948893634563 0
80254056 0
1018525093196992513 0
253170802 1
120231037 2
111711361 0
952990970815090688 2
14455944 2
3148190857 0
1018874772783067137 0
208704652 0
1018510989640138752 0
4561736850 2
1018695565255770114 0
407966868 0
1018549880627847168 0
1075713182 0
1018576743194611712 0
37033128 0
1018539168283021315 0
927322162276466689 0
1009915063 0
3028817085 2
1003782311673040896 0
716117185 2
93263045 0
2500629714 1
970057498613854208 1
64263405 1
930124391635177472 2
196842743 0
252286209 1
228889868 2
1018523893160726530 0
2210927890 0
893805414336393216 2
880504071114952705 0
45116975 2
718800928103464960 0
491885858 0
1018549593401786368 0
4059829539 0
262882182 0
1628985564 2
96802090 2
1018555168181366786 0
2984777003 2
1018518725841031168 0
200348982 0
87332152 0
1018559059014938625 0
1446221119 1
104200921 1
162239819 1
141989197 0
125408594 0
1018560073277296640 0
3989935444 0
1312768910 1
4101641559 2
415143265 0
1018559214892077056 0
1438946659 0
576460133 0
886015817720221696 0
970206707245813760 0
2853574006 0
1066702201 2
2900596113 1
217077998 0
237376921 0
2572260772 0
350688688 2
409966003 0
928960593461219328 2
108205508 2
1457657288 0
15898057 0
1018525757964840960 0
1559139786 1
1010315062358233088 0
262673874 0
1018655457290936320 0
954298294372454400 2
830996744691412992 2
1018548578724274176 0
179279318 0
440571353 2
968913190145941504 0
61211560 1
64722418 0
732173814 1
394991100 0
1018562458426970112 0
995759997668806656 2
232527380 2
2523502116 2
901607797082730496 2
716118169077751808 0
196865629 1
206378545 0
1018559130947215360 0
767266873843015680 1
932456870761172995 2
78812748 0
1018542832146141184 0
1334974032 0
2233669201 1
189664784 0
28612185 1
371299937 1
349902444 2
1015778148259164162 1
117839492 1
982750178452099072 0
1018509774701387777 0
945356224807149568 2
1646270088 1
331945623 2
596121245 1
105944734 2
1905727135 0
1006935522588151809 2
4341831335 0
229185193 2
2908919471 0
2324403894 2
1018541917360021504 0
227448503 0
518264505 0
1002634328923205632 2
46175933 0
1018535044745441282 0
318674622 0
61085376 2
1018575656391708673 0
1017255620 1
1018546327611899906 0
571479766 2
3048478424 1
191912228 2
131897078 2
889675246051184644 2
345642754 0
1859327748 1
633018126 0
117282577 0
842851163749851137 0
985274143 1
484808487 0
865703737 2
980300206787973126 2
1018528003968548864 0
140646209 2
1018533689364492290 0
41905803 1
1799132996 0
82810719 2
2406750050 0
942231287825252352 0
556472176 1
3226474355 0
3251148660 0
2660931457 0
2233472898 0
116856709 1
348772676 1
115251099 0
894975285090820097 0
578656159 0
969945115337871360 0
1018524489888526338 0
932262877498626049 0
219879356 2
774969282 2
340563913 2
246323161 0
1881872347 0
77305821 0
718608362 0
802744245421559808 0
1018510035754811395 0
2183436276 0
784163187662819328 2
4631533594 2
429529116 1
836474911 0
172136485 0
490969135 2
2674202677 0
1018522295453790208 0
1619171388 0
74913853 2
300455999 0
1497372745 1
296556619 2
2363430991 1
791779412 1
129636446 2
1018508841770737666 0
161028192 2
2332399733 0
192813419 1
781982473441972224 2
996290829437333504 0
2991429785 0
1013126839311785984 0
712191086027018241 2
1016843415567380480 1
468621481 1
880350672474001412 0
629938352 0
290330810 2
3092355263 0
1018789347167035392 0
837496796276527106 0
1611602118 0
184883402 0
987822171820052480 0
564238554 1
4063172834 2
63903971 0
217815270 0
273914092 0
1018529997651431424 0
996593805905317888 0
511318258 0
997461976170352641 2
37001485 0
3019774227 2
148969762 1
982991269331984384 2
482220327 1
3302824233 2
910988588921257985 2
703994168 1
76924885 0
986690533031596037 2
130750791 2
258677064 0
1018549392532557825 0
2679445834 0
963761535653957632 1
833487031569223680 2
1018555941904572416 0
346790234 2
2950764891 1
2975832417 1
1018533940389384193 0
1018518701182775298 0
914285453699899393 2
508336500 0
229579130 0
402233728 0
530880901 1
149166474 0
1018505293842534402 0
860620068056707072 0
1018506177376735234 0
324114837 0
78420375 0
203692442 0
205756830 2
2722339235 0
413702564 2
193894824 1
199694763 0
879881035483234304 1
2993723830 0
3996686783 1
335452608 2
44997073 0
105716184 0
69376478 2
4852084475 2
317889005 1
802537236067733504 1
110893558 1
801561680832405504 2
735194480421277696 0
548837887 0
2792692224 0
365533703 0
985874856293097472 0
593369612 1
126032400 2
2370487188 2
970362998928928768 0
918171536078413824 0
998688407500017666 2
71440945 1
1018561334504513536 0
826038708 2
263789114 0
993731600901967872 2
1018549494345060354 0
2744523329 2
901598202054549504 2
1018546738599223296 0
146545251 1
1010604597835157504 0
141105786 0
1018506804819562496 0
1018967893017546753 0
2724065046 2
1022892686 2
1543182991 0
1018539272381652992 0
408558232 2
941691608642281475 0
1018636120299536384 0
106437277 0
1018506725673127937 0
908892830 0
301210274 2
1017230284008411137 0
930498320031764482 1
2154371786 0
175184588 1
4042070746 0
953118282558533632 0
757624706656825344 1
2949257955 1
986428187675693056 0
973608074333192192 1
4459174654 0
942157972419072001 0
1265638158 0
2331941648 0
710548242 1
2561016963 1
803825321791418368 0
813891822078611461 1
2913016606 0
1018539195978141699 0
2212010784 0
258841378 0
571415342 0
1018553775148199941 0
163289906 0
1018511607578677254 0
440277814 1
718879348430872577 0
3271891776 0
342858561 2
966258611566542848 0
1018550632746082304 0
271489865 2
191175498 2
1438915410 2
439458645 0
822118551872008192 0
4159576932 2
832881902482812928 1
2395544438 0
117250939 1
3770424197 0
1323015055 1
473504660 0
3302071202 0
971719960094486528 2
464329641 2
442407854 0
2835159984 0
148516680 2
1018506241746849792 0
761602974422532097 0
1018539683561828354 0
863738814 1
183180224 0
585309123 0
2658507716 0
1018516618421395462 0
962793053214924805 0
1018505326365061120 0
157555667 1
931863512 0
1491803100 2
1002957300997468160 1
195992557 0
1297128432 0
1274190841 1
160734205 0
1011374290657333248 1
2176719896 0
1485872160 0
455351332 1
203725861 1
382770217 0
1018507418345639936 0
221617196 0
599628852 1
848469054 1
4506054497 0
1018884009470889984 0
1018813505724715012 0
304061513 1
503749707 2
1018549877813534722 0
920394829 0
142744656 1
744786513825665025 0
1120607328 1
182951010 0
449027180 2
1012656637474197504 2
1018549296751263745 0
709204050122768384 0
906600388639416320 0
1018547922315677697 0
158538877 2
414522509 2
524655769 0
1018711324589723648 0
921139837427748865 0
786605106598785024 0
1001284621827543040 0
320281799 0
132717770 1
827289118124232708 2
3598599373 0
1018532750133850113 0
2708446422 1
1018540485055574017 0
844881736827834369 2
1290149083 0
291216606 1
93755941 0
3179453670 1
2550963438 0
755984729187508224 2
715219587495661568 0
1018502995443499008 0
3310126296 1
3157984473 1
957362180323774469 2
883334431 2
2677873959 2
270540078 1
21208367 2
3091668273 0
246848818 0
2605423924 0
953763634118889472 1
765025945312899072 0
887465793549684736 0
159718734 1
890984787095293959 0
1018696895479328768 0
1018698319835684864 0
2563415395 0
1018510502580776960 0
242359655 2
384114037 0
2828574072 1
272685631 0
885986847800909825 0
3357580702 0
2152635808 2
628858280 2
986799693807185921 1
936779186 1
242080329 0
996613694309240832 0
1018606869856866309 0
54730185 1
23076300 0
1018575743364878338 0
980534700333785089 0
1487642064 1
1018503929737310208 0
973316988025098240 0
3261963734 0
796118718212407296 2
981261707975839746 2
961409057780355072 1
2232819189 0
712285686 0
1018691703254011905 0
1011391962648367110 0
371283450 0
243375619 0
897179968186208256 0
2664865300 2
48012830 0
183016994 2
978833470180024320 2
92577319 2
224108078 1
934549420670152704 0
325590584 2
363929147 2
229187139 1
3086523972 0
2889161313 0
985770311525126144 2
916748157152845825 2
3102547562 1
928489069 1
3312328313 0
97984130 0
3000508048 1
1013502030919487488 2
870014866383351808 0
577674926 2
1009935213043109890 0
1018517443025743876 0
4060651212 0
361570017 0
295968488 1
99131117 1
909220477 2
787160820 1
192192246 0
1018564293284024325 0
126754556 0
191602434 1
926499939450056705 2
1045045004 0
3321339663 0
1018530766765023233 0
927252546204221440 0
1018539938663616512 0
944796391976693760 2
184687238 1
985684263654670336 2
927694263164469249 2
409673531 0
3165396807 2
4904787792 1
310564255 0
319756942 0
190259031 1
329719643 0
208248674 1
1003096560085987328 2
848635455713226754 1
1018539199044218880 0
201868612 1
2318180252 0
2938871711 0
1011223592921640960 0
1018471150509228033 0
41983914 0
1018717757955870725 0
1018713060457046017 0
577707947 1
895131650543075329 0
1687134169 0
1782947802 1
994373629 0
771342476561018880 0
269590526 0
798181096533925888 2
1018542868305235969 0
986278127058989056 2
1018540666530476032 0
192651266 1
918056717967007747 2
720348768512516100 0
911082318885822469 0
1018546399170965504 0
714872484814651392 0
946231231611629569 1
413474826 2
992867806164250625 1
146907159 0
862977335972245508 0
1029185563 0
875228328709337093 0
473276448 1
722278608266330113 2
1018522525939195906 0
4333084709 0
118530099 2
1018519364541149184 0
167190581 2
711754688345931776 0
35561535 0
709892108463636482 2
896273853344776192 0
214310999 1
1025515609 2
199827552 0
2185371748 1
137207915 2
1544822899 1
81436801 0
960851544936669184 1
1180737691 0
194846878 2
1018495515040739329 0
263004327 0
859113760040079361 2
223289526 2
1000546495 0
991376623084687361 2
50860034 1
716056621659500544 1
575676621 1
1069195471 0
576594137 1
75014385 1
208281849 2
4347142395 1
878833355885817858 2
215490828 0
215490829 0
304881935 0
2725454098 1
4246577427 1
924111522942644224 0
1018642529707790336 0
67017434 1
227844393 1
290496816 0
1018531724928700416 0
2203099441 0
199008564 0
586785085 0
128000325 1
977654220227784704 1
2337448272 0
895500418268241920 0
2476089685 0
1884299610 0
1018549899363868672 0
3079414112 1
2952175978 1
1337434478 2
585736569 0
3202392443 2
226632060 1
996150008541073413 0
3383894434 1
346300841 0
142025130 1
138092974 0
806003119 2
126427570 1
803054006 0
4861469119 1
131375569 2
903886045967785984 1
224666073 0
1014079962 0
928538660408045569 2
1014643480029728769 2
109453816 2
335684090 2
1018542206754287616 0
1018521298207723520 0
1018518147891171329 0
1018515573469319169 0
1018513202064297986 0
1018511582060601344 0
198943227 0
998339148959436801 0
792477635792306176 1
36512259 0
1018594525248356352 0
944489152996720640 0
14754320 1
3148685855 1
98902560 0
1018544956212940802 0
941421503525961729 0
467870245 0
3527778856 0
160277043 0
118923833 0
1018553628427091968 0
78651962 0
1018517783536177152 0
988189343624740866 0
1018555721955315713 0
3657146953 0
1018511709596774402 0
183050844 1
239486395 0
106799716 0
1018541607417667584 0
749446960529088512 0
1018527039035445248 0
324215402 0
928619282 1
107258483 2
717895530777587714 1
1096786554 1
700326523 0
2809832060 0
993190478630842369 0
1018549007398965248 0
285123205 1
2571707023 1
95265426 2
3296830103 0
4055048861 2
2821890729 0
2646155947 2
2717131450 2
946686632090009600 1
125215437 2
1018517018381832192 0
1640276694 0
2528551647 1
331391712 1
729220622065278976 2
205955836 2
3163235071 0
333685504 0
75834118 0
1018597891991134210 0
989622092500033537 0
2677383961 1
2867962653 0
982874615419756544 0
143958821 0
888137197160988672 0
864226210452127744 2
1018540418663964673 0
191472464 0
1018539153796009984 0
785641614 1
1265541974 1
238330716 1
720396623264817153 1
3386188671 1
2222039941 0
974069434028523520 1
996182679606513664 2
118858647 0
1679532955 1
968219671798472706 1
545825701 0
84091816 0
1018515181926866944 0
937737395012763649 1
3246236606 2
3067225024 0
1137320899 0
1018730494802956288 0
1574413255 2
701837262481440768 1
57091026 2
47522781 0
1018531057933672449 0
996898635127410688 0
2698617852 1
2459116542 2
237347842 0
1007340042791149573 2
738948346333659136 0
1279337484 1
1225663506 0
952640533 1
2751276065 2
746325942335733761 1
132326437 0
1008577500148948992 0
1018870310504841216 0
268641336 2
4724663359 0
730572046376140802 0
1018542469867163649 0
137143379 1
563572923 2
1106650214 2
916883806052896768 0
97568275 1
1018549879176683520 0
1173038203 1
919224259096055808 0
299615767 1
1018526369066684416 0
2952406173 2
3385336997 1
102737064 2
2850792622 1
1018519820478898177 0
909110952393572353 1
1799300280 0
1018519067160821760 0
45229241 0
808821950 1
1416537284 0
1018521141105889280 0
166241478 0
1018507665670959104 0
1018503730835148800 0
1018503724719845377 0
754476900077142016 0
67478735 2
494675163 2
919327545920802817 2
2416420069 1
103294183 1
829178824252272640 2
1018651063476355072 0
357115116 2
153265399 0
930991343995949056 2
2152834328 1
314549531 0
722900460399493120 0
969023058135715840 0
66725186 1
186910262 2
909124938 0
314058064 0
109454675 0
4042270037 0
1017996729294077952 1
946128257371529216 2
1018889765746364416 0
715390052595949570 0
1018521542299275264 0
732210535 0
1018525549621403649 0
893327020423335936 0
38806897 2
1523459442 2
379356734 2
2576467211 2
879344158099591169 0
1018524618871726080 0
1018525016361783296 0
233088385 0
2821203335 0
111060375 0
923354144936689664 0
943660650533924864 0
257729965 2
1018525043490525184 0
332506560 2
2802886084 0
182527438 1
980074185786568704 1
3509429714 1
222701023 1
1011492324 2
1016079848 1
967078850617364480 0
1018530746967973889 0
4842399223 0
1331537400 1
753608190 0
2207786497 1
604186114 0
723396104 0
4226786841 0
1018534566309564417 0
1198663194 0
172009000 1
942482989 0
760519292039331841 1
960557549647953920 0
1018515618436407296 0
201486604 1
186328651 0
709209883359498240 1
1018550027004862469 0
3405424228 0
744542980766310400 0
1018529925329047553 0
489727611 0
336144008 0
2255857304 0
112436892 2
1018516432785756160 0
982199507411656704 0
3964446374 0
320153264 2
856980745721712640 2
2437129934 0
4347406034 0
1018520620840210432 0
1255614170 0
186230495 2
2781401091 1
910960417832361984 0
315238119 0
1016836459595223041 0
1018518411146604545 0
48244458 2
478881523 1
309405428 0
1255417598 0
1018553771943608322 0
981676377798856704 0
601204499 1
1321412384 2
179545901 1
46278456 2
990724770374324224 0
1182771019 0
3172476775 1
991085891643850752 0
391030653 1
1013210673470427138 1
213952389 0
1018559477711134720 0
3044386697 0
116598681 2
884273220207222785 2
305342374 0
308062120 1
506734514 2
1018544714038087681 0
1645815732 1
326412231 1
148219849 0
1018671796420300801 0
2784667601 0
73934802 1
36710361 0
425401338 1
907643126566805504 2
198280870 1
229189608 1
967946189751668736 1
492480500 2
1006940578657992708 0
4729579518 0
159623171 2
975065808618471425 1
700872790136651776 0
2183964706 0
440346661 1
1883645990 1
226781908 0
1019087365439148032 0
2549819452 0
4564199487 2
1018551373216940038 0
161884227 1
4721420361 0
884965094299455488 2
1120905308 0
2916886623 1
180136035 1
2557618291 2
4519962740 0
739167046332645380 2
4613941397 0
67236209 1
31172778 2
3249449131 0
56895668 1
765228328840224768 1
244361424 1
1016364846860918784 2
1018612786472079360 0
344467679 0
1018542870561742850 0
723999321612541952 0
2743937271 0
994924546133315585 0
158509312 1
2393385229 1
836774161 0
1018701019721666560 0
64465172 1
981918384421040128 0
1018615385984299008 0
196290843 2
1014184770207612934 1
967833140566863872 2
1018547280104906753 0
887483837126774785 2
993197854620434432 0
217819450 1
1403595121 0
598649205 0
592390529 0
1018531852167106560 0
1016342105969569792 2
896532633198505984 2
3302795683 0
1018528371154841600 0
984840763715530752 0
222308778 0
2861050283 1
348432814 0
141666749 1
801948340481064960 1
369273284 2
10856902 0
725909500801110016 2
324151755 0
965747471090634752 2
986635532447858688 1
3218745817 0
912738782688006144 1
374313620 1
795016898484301824 1
967190129566797825 0
38251018 0
187050512 0
308128275 1
128100889 0
139143708 1
1018540506488295425 0
4396034594 0
115812913 2
496970291 0
1018529484398645249 0
825448206578352129 1
159623739 1
3730680382 0
971818310760267776 1
926950987012681728 0
160016975 0
3196168797 0
27765346 0
1018541920161878016 0
41036394 2
936125130203418624 1
902024538308956160 0
155036282 0
1358080640 2
140683906 0
965013310566367232 0
4192807573 0
2772256537 0
1011302296158814213 1
732631651256307712 2
4890620358 0
743540846268653568 0
314387113 1
549595828 0
1018509594002325504 0
298822327 1
213953222 1
215132873 0
53717714 0
801811170 0
1018535739083120642 0
3280089553 0
2352327402 0
815196079327182850 2
1018554896872824832 0
159656696 0
1425844986 0
441199358 2
1018910917961109504 0
4384158166 0
951902092804968449 2
313502484 2
724773661 1
1018494823681150978 0
791671020579160064 0
1372203823 1
600517428 2
1018554431074455553 0
879040386 2
773405107899736065 2
226208581 0
234892103 0
955853647 1
368094033 1
962218374007701504 2
815577906470645760 0
1018510408188035072 0
136162146 0
122104675 0
4380699493 0
967381111193006081 2
972139387 2
871085348847206400 0
1018790962011795456 0
2451745688 0
1018506732518232065 0
119516059 0
160443295 1
944461277929377792 0
343354290 0
252881843 2
179317685 1
220048312 0
481438649 0
925176457411923968 0
577297569 0
132918221 1
80882652 2
232106976 2
992230066879913984 1
124070886 2
996559758768271360 1
415986175 2
796907746394337281 0
1018414964216860672 0
388672512 0
56732685 1
1121365020 1
141339684 1
4613647402 0
72789035 2
220441649 0
3124472883 1
994096311292039168 2
243903556 2
1018561347892666370 0
192031821 0
1018536691198406656 0
312248167 0
758835996167331840 1
121482387 1
605236380 1
587869346 0
3402706090 0
764274516981723136 0
26553539 0
1018637857647480833 0
2644716741 1
33205454 0
959074764563341313 2
161459415 0
108735710 2
1018550049264013313 0
33008864 1
877504662286585856 1
889830648315338752 0
325790972 1
1017818957238145024 1
242789632 0
1049308436 0
1018563160310210560 0
1018592549953368064 0
854699361498001408 1
60599585 0
141733158 1
875115103900893184 2
1018554254838116353 0
1018534860200214534 0
1621210454 0
560803142 2
943182069726838784 1
198356316 2
911763984507797504 2
183053669 2
297905527 0
1289989506 0
781894275734921217 2
2566532497 0
2748871235 0
1018546055229640709 0
2649206166 0
818121820230586368 0
990607190741475328 0
2316184999 2
437595571 2
552185283 1
353086916 0
1017982406 0
998525942120239104 2
1018565691945963522 0
928671836732297218 0
821011957989965824 1
32878052 0
55127528 2
981387015613796352 2
804345519866781696 2
1009110830846115841 1
986649482459725824 2
180968705 0
989426617368825856 1
249245210 2
1018473377839935488 0
111455771 0
1003579951961071616 2
932088665517441025 0
1042591298 0
275230304 0
55455329 1
4149227113 0
128986738 0
126234233 0
1868443273 0
2393452178 0
719698641473179648 0
144125599 1
950915038008750080 1
3372297899 1
66891461 0
132346487 0
240955096 1
263696105 0
738799346 0
95891199 0
983609096 1
193048330 0
554839825 0
1694609179 0
770781035533565954 1
2337452678 0
224538408 0
1011254702036733953 0
989729170744688640 0
1018500832692785154 0
1018552606367600640 0
2533109552 1
979570599881265153 2
45166396 2
32157501 1
1550954305 0
41856840 1
2228825929 0
1018510310871715840 0
50343762 1
997237071734562816 2
92876645 1
181186411 0
54079349 0
283258754 1
2574600173 0
2293084074 2
128757675 0
1018586576312504320 0
795061780728922112 0
65286815 0
1237331906 0
1018535774688563200 0
2886873027 1
896522212915560449 0
1018523211271729160 0
964540034664759296 1
93728729 1
67416037 0
872449151371554816 2
1018530564427698176 0
515125234 0
1018524932689539072 0
3255840756 1
2249437173 2
1018629177451405312 0
825180191865634817 2
74821628 2
936751761519456257 0
1018567959768379393 0
886808320593604612 2
776102505092558853 0
144191504 2
431697945 0
1018522625553850368 0
331395110 0
515158058 2
1018546429260779520 0
154185785 0
118239297 1
876662021919473666 0
164114500 0
167555149 0
880956125943918592 0
3750572122 1
1018524761079640069 0
712618080 1
3771904097 1
722819484944371712 2
325955685 0
1007066759348785153 1
986401721604853760 0
1018535549337063424 0
130560116 1
246034558 0
2619093125 0
164049030 1
959979064068108288 2
200618143 2
125251747 2
176730278 2
992909565598593026 2
2381000876 1
2745020601 2
699249664625741824 0
1018672944690728960 0
68498127 1
1666101481 0
385069291 0
722645239 2
122237184 1
331329800 0
1018529962847035392 0
737983455544410112 0
1018539914819002368 0
155955478 1
916057049456435200 0
76198173 1
497561887 2
92528007 0
1018852504841355264 0
124498220 2
190624049 0
990423565806731265 0
115978551 0
3256070460 0
1594470721 0
742860255890157568 1
4825952592 0
573354348 2
444281205 2
717140347 0
1018556154551656449 0
3739529596 0
2862297476 1
59584901 2
3043537295 0
585052586 1
297087403 0
730213993566982144 0
315830712 1
940199051492020224 1
53522897 0
12005842 0
104935912 1
803451372 0
270184943 2
88153512 1
281293301 2
752983264797884416 1
887009792 0
393130498 1
839318849463926784 0
290173455 0
822958328338857985 0
3338908197 1
616673837 1
1008611888 1
621490750 0
983588223011229696 0
1018491669908525056 0
1014260860016123906 1
985261650126098432 2
2460398155 0
150778449 0
920150109605777408 2
758370734141939712 2
1705652851 0
924611019623804930 2
2772844548 0
961279029469786112 0
249934470 0
112112268 0
289682062 0
345780889 2
567718559 0
930798793842360322 2
449098418 0
336802488 2
125186747 0
738833090 0
1012174460517015553 0
1018507935947919362 0
922285914084335616 0
207210617 1
1383609049 1
969745573883629569 0
1018528487488049152 0
16528094 1
2803610338 0
115978980 0
627159785 2
1018513235123695616 0
242561774 1
4443878127 2
85177083 0
421573372 0
1018547340129570816 0
1018541268304048128 0
959542695143313408 2
879663677196165120 2
3672847111 1
1014759683310137347 1
1018520698665521152 0
106017557 0
1015346637345091584 2
2596844311 2
95925079 0
553661272 1
430191452 1
967924033789550592 0
1018526238967762945 0
85013346 0
1018736550065164288 0
2681123701 2
1011638166267318272 1
312390529 2
2774938499 0
722156665395625985 0
2304619401 0
1018628247330918400 0
2620109706 1
952604878551109632 2
2781524885 0
1018494694882529285 0
730105858361831428 1
153564070 1
810605244791095296 1
72189606 0
376484799 2
145306569 0
1637888972 1
849036593050603520 2
721538700392448000 0
710980560 1
150090728 1
54014964 0
557396987 1
1383248893 0
785556152436293632 0
94778377 1
959844331950690304 0
51655709 0
734125021308813313 1
2391028782 2
861353367234326533 2
39990331 2
985985888 2
769578908756901890 2
999418286621196288 1
412529747 1
1066447956 0
962010780077117440 0
1018654366117580802 0
730431965975986177 0
734861691738030084 0
1002754566390255616 0
707010630633390080 2
959119001195606016 2
1007826836502601734 1
237483171 0
112735400 0
1018610101836320768 0
582497454 2
1018510819649257472 0
784965952471457792 0
1018532556105543680 0
1049015480 2
710254412640288768 1
283784400 1
917907943932166144 0
4746818779 0
17168291 0
279196908 1
296858863 2
1018529972179202048 0
930886904 1
2861282554 0
990262525 0
138622207 1
899722536619040768 1
2468000641 0
3033707785 0
703730257438769153 2
146584848 2
591901975 1
1018543494116270080 0
395687194 1
210679068 2
771513633725710336 1
3149116723 1
34092343 1
832025917 0
234992965 1
4831950155 0
834904644216315905 0
93828437 0
1018506402921361408 0
1012144976073932800 2
1018539148037246984 0
874378915191672833 2
467154269 0
123614558 0
100283749 1
1906619760 1
393164151 2
600749442 0
41923974 1
2579477904 0
369112475 2
965712810503176192 0
1018783060911935488 0
1018552488436359171 0
113537997 0
989185519430111234 2
165098931 0
360396213 2
68695483 0
1661482442 1
1018666569470283777 0
2390767052 0
251803091 0
3273668052 2
122598879 0
1018547121002303489 0
2870523365 0
1018552060311060480 0
292042214 2
265199187 1
1447376377 2
176174591 0
2416784299 0
1018559588549836800 0
725784463230287872 0
3309472002 2
1056535472 2
701042473800482817 0
313701933 0
37336624 0
142063154 1
201471542 0
1143191102 2
840386717664329730 2
279295559 1
783955532 0
72726093 0
595998288 2
2437658198 2
1018520855821811713 0
939346055782469632 2
2993469017 0
340735582 0
1018364056258871297 0
1953347167 0
136263273 0
1018508568880930817 0
458798699 2
980510325215809536 2
1087518324 0
1000963438829539328 2
1018552357955821568 0
712634252949635076 0
938661573660352512 0
2206031468 2
3399988879 0
2742826642 2
1018505980257226758 0
1626388117 2
258455203 0
233027239 1
158840491 0
259241658 1
1320302275 2
1018558472483364864 0
994883282 2
236533462 2
1018541171012964353 0
373536472 0
328316633 1
971028187 0
1018948443123929091 0
253408988 2
3022501600 0
945253546760527872 0
419772133 1
981335060170330113 0
1018654317220388865 0
1017820416612716544 2
233060084 0
161494776 1
535410429 2
1492662018 2
369080070 2
714848007 0
980623063296352257 0
1018551856119738368 0
1014667820012134400 2
893999593238736896 2
62175014 1
331921192 2
1367848752 1
1460975412 1
900553593295601664 1
500479818 1
911666676592201728 2
2993043280 1
890692401744027648 2
2363897700 2
120665961 1
208680826 0
393820028 0
239908745 1
1408874383 1
2220570513 0
1018542737975664641 0
185055122 1
188200851 0
880459426221760513 0
164902817 0
1018523049623216129 0
1018529100552654849 0
765312243378425856 1
2574137257 0
192362413 0
949054858711138304 2
4226922443 0
769957448841064449 2
838948458610507776 0
261896182 1
71645181 2
138065924 0
816701738426236928 2
888581826578665475 2
122206233 0
951472039252189184 1
729521840792731649 2
312260661 2
169195574 2
2887104567 0
1018548454585487360 0
4502894654 0
733126217117786112 0
3183294555 0
357513311 0
355022947 1
557955172 2
2548349049 0
333166718 1
594262147 0
1368701076 0
1015593110 0
628340889 0
2492774554 0
49821852 0
122566817 1
399620269 2
748115362034688000 0
2781657271 1
495204544 2
77018991 2
104380613 1
949173769989390336 0
1018525425956458497 0
358791379 2
1556396244 1
1015284751844958208 0
55687395 1
144914662 1
140654825 1
272283884 0
309803245 1
4548901110 0
4709529889 0
221165873 0
3733403957 0
2891757890 0
709797507996450816 1
907384422953046016 1
151117540 1
131905882 1
410383419 1
581319012 2
419084647 1
999489314735185921 0
1018628889306804226 0
1931590003 1
507623800 0
602093954 1
1329838471 1
2215294018 2
943268556539678720 0
1018520605392502785 0
1018528521914855424 0
134887826 0
153205159 2
3329604010 1
556905544 2
953358108037873665 0
806970687504154624 1
1018514053080240128 0
314751426 0
2452306381 2
206977503 2
4377282982 1
3178576371 2
115489270 2
836962230684041216 0
223525388 0
89766417 0
2923411989 0
163887645 0
1257454110 0
185743920 0
62470708 0
110737975 0
2711796285 0
426687047 2
994418844344123392 0
140524108 0
141245012 0
385563222 1
310852186 0
924906454502531072 0
343751277 2
154909318 0
215370178 1
123368558 0
1018529181687336966 0
836227086876622853 0
1018542890988068864 0
878656158 2
715891412336779264 1
747256495 2
769326854 0
1014717917907308545 2
933105059864379392 2
701920112220229632 0
210287312 0
134658769 2
157465303 0
1002335969528311808 1
3107961566 0
1018555595702571010 0
944043711482253312 0
162806511 2
2827303668 0
231226102 1
66271999 2
948795630943686657 0
228932686 2
520665871 0
2702195481 0
357317409 2
2932652835 1
988588286171066368 2
297581350 0
1049312042 0
220744847 0
3060251449 0
1018486364516638721 0
4734729019 2
44481355 1
243743564 1
109165393 1
937162397898432512 2
1018523983153639426 0
439585170 0
66239343 2
407255921 0
1018520306560872448 0
2980330360 0
1018507381427359744 0
132627322 0
133512060 2
575912829 2
949402494 0
1909832580 0
139180933 0
919687187498721280 1
588790684 2
378289056 0
301546401 0
946229251757563904 0
1018508034124013568 0
199100913 2
70761385 1
328514477 0
143965105 0
97106881 0
1018680512280395776 0
703436270823837696 0
507657159 1
1681505227 2
991145306690605056 1
150092760 1
702463583624499200 0
1018509967421313025 0
597834720 2
129088482 0
243579885 2
806953584730501121 0
792418898679398400 1
37534732 1
867901032952725505 0
1018493855488884737 0
960574144827011072 1
348011558 2
3027825842 0
2888787021 0
563133501 0
859618323490897922 2
445103173 0
1352580174 0
2511551580 0
1003467372525600768 0
160254480 0
139902051 0
172506224 0
132562034 0
706091946645843968 0
119618685 0
750904911534194692 2
14335104 1
194264196 0
584039572 0
1018516197594353664 0
1018518406696439808 0
1018522340802494465 0
3307748506 1
761858497487056896 2
3092921518 1
2357083319 1
868465854 1
479608001 1
2435792070 0
407026887 1
933504862293315584 1
990573489345220608 1
113229039 1
887763202326618112 1
63159550 1
962767377325633536 0
1018509935380967425 0
1858747669 1
2294037782 2
833708551939960832 1
1945812278 2
259439940 1
229326159 0
133479761 2
883650890770591744 1
783508474386800640 2
3286056301 2
340933998 1
2543926639 2
346799476 1
362593655 1
210550142 1
208518528 0
4269391235 0
909483853596815361 1
165264781 0
1018516161225547782 0
72760719 0
2845326745 2
294043056 0
1646064884 0
187940301 2
89275856 0
2214903253 0
1018299328895451136 0
182238681 2
302398940 0
210198437 1
4172299752 0
1018636080348876800 0
234962420 1
1005300772794486790 1
746030849661898752 0
3354082812 2
133479933 2
911332134677209088 0
842524235528650752 0
42450445 1
1018460214478213121 0
992471804584251392 1
2557525525 2
770457116 0
1018534569551646720 0
4216798754 0
845846299748581377 0
373636647 1
245022254 0
152354351 0
1018485290288189441 0
343785010 1
1263189560 0
614710843 1
137838167 0
134987352 0
1085062746 1
3804610152 0
1018511308818300934 0
1018525632194465793 0
3229924974 2
767578657028268033 1
3394322037 0
1537990591 1
3741859454 0
713227866314387456 0
3274620548 0
806607364073934855 0
1018550881783046144 0
964653797657268224 2
1018860869592199169 0
286408342 0
49135256 1
76201633 0
2960965294 0
1018542175980785664 0
305249971 1
854146752 2
985028735236702208 2
2726411985 0
1018940886548406272 0
608321234 0
4880656994 0
2573090524 2
182238944 1
113229541 2
87506663 2
2703245036 0
72433399 1
953459550526541824 0
1018570199581143040 0
202882831 0
2437300004 0
335645318 2
289423143 0
1018548270606323712 0
1016155619831828481 2
1018651088226938881 0
477118250 1
121945899 1
875205592935055360 2
841039670 0
3243425594 0
220839752 0
1018557213978316800 0
1411759946 1
4872912717 0
185846415 1
3386687326 0
1018497646485311489 0
830228152794411009 2
61620075 0
717805782574575616 0
950492392586702853 2
183648139 0
280600558 0
1018529328542257157 0
165265305 0
360988584 0
994335533756239874 0
205930411 0
2265038767 0
975635235197960193 2
79904714 0
1018536621531107328 0
90394628 2
142426067 2
183678286 0
3117170646 1
296566746 0
1855864795 0
1018531786320736256 0
996782954880864257 2
314982381 0
1004138110903603200 1
702498651826954240 0
793788402 2
1018814845708324864 0
629620733 0
878004435653246976 2
939519812841205761 0
847446519741423617 0
3185721360 2
1018547098634027010 0
863059371894468609 0
184565782 0
709374349258547204 0
285832539 0
485638186 2
261537844 0
275660854 0
170115136 0
1018507030355697664 0
282591234 1
1188347972 0
797234655959334913 2
1266499658 0
222707790 1
162021459 0
1018545977995812865 0
4223418454 0
203407450 0
518996064 2
1018522677252943874 0
167559271 0
758422514104016896 0
369082483 1
121159806 2
1018654154263277569 0
103858314 0
420069519 0
2371797147 0
1018518605208739842 0
273170595 0
1018550717961863168 0
532693156 0
2395226278 0
2507849898 0
1018551083646488576 0
605143217 0
193511605 2
845452518171684864 2
4739809478 1
1018532192354328578 0
988853887485534208 2
809440399785885696 0
464833234 2
143507701 2
1018462562017513472 0
783348962636009473 1
1018542168712105986 0
1905246481 0
144294173 1
252330271 2
985317668 2
266944808 0
1018678239273897984 0
109986098 0
1009462953559674880 0
141967686 1
1008842530262220800 1
990623173065494528 0
247120211 1
174801254 1
289685885 1
379404676 2
749791409872318464 0
746275207 1
430162321 2
479478164 0
519094683 0
847450125290975233 0
925836665532440577 2
1631273390 2
1018549696292409345 0
800736667564789760 1
944239010293141505 2
778370436975308802 0
216220102 0
1018855142182084611 0
102875616 0
717172874923126785 0
12665322 0
794321697813860352 2
750141950 1
760256842954145792 1
623395334 2
66306577 0
1163411994 1
3368960553 1
1018525945060364290 0
167658033 1
2585313842 2
2551136820 0
40059453 2
981009765252980738 0
2669508023 2
939316706815692800 0
1529365075 1
1347442548 0
992572859246694400 2
1018503497732509696 0
936962903437139968 0
163955298 0
83214952 1
374293113 1
154190466 1
220217992 0
392381067 1
3231302289 0
864842753053786113 0
2210677407 0
927393506238324737 0
948899219120717824 1
3346678473 2
2699084490 0
293257940 1
984813653433073664 0
4179673821 2
2255373030 1
586105577 0
2377171692 2
65487608 0
311608065 2
1018958048549900289 0
964300488090021889 2
701816650123771904 0
255869721 0
241681180 1
270058276 0
1018489105678774272 0
926514215904522240 1
2662160456 0
2391327546 1
960414535 0
3041018716 0
1660928863 2
158122854 2
1018540211897360384 0
310526833 0
99599220 0
919251270325669888 0
15844228 0
1018545058117713920 0
792413066 0
312951694 0
619070353 1
138757011 1
3327083413 0
3161572248 2
219890586 1
38079302 0
1018569519181303808 0
198132647 0
267862953 0
1018500168734461952 0
2382906284 0
93799361 2
834388934 1
456967113 1
842816040765669376 1
628638674 0
178471897 0
123618266 2
2936292323 1
878276244583968768 1
145015819 1
526926867 0
347656444 0
3900654615 0
1018497972634570754 0
1576027172 0
2202387510 1
2523579449 2
278709315 2
807684047224926208 0
1018869003203371008 0
370328652 0
1005912908507832321 2
344474714 0
1018510312725762052 0
998266508731146240 0
1323484286 1
3193816202 0
801181820842872833 1
802840771 1
2252686490 0
71287982 1
769402939299487744 0
1322304702 0
846903102607273984 0
72889889 0
1017406343412473857 2
1018532628951994369 0
83444960 0
957335096926744576 0
566707444 0
70042885 0
1018509266947227649 0
364241111 0
1018489207197765632 0
1018505164913823745 0
1018540291127758851 0
992997279945707520 0
65226007 0
1018700770051526656 0
872612064526831617 2
894414119561854976 2
740400637129674757 0
240239940 1
2559264078 1
313673039 0
105694551 1
163071322 0
127321435 0
710133086 0
64505187 0
151740646 2
635858824 0
2567652729 0
1018514290108715010 0
260326785 1
87606661 0
776188459195084800 0
42648980 0
1014739837528702976 2
1018550132386746368 0
1013425395876671488 1
86860019 2
1593918907 2
243877309 1
826951111 0
3959600716 1
62342602 1
1018510324687777792 0
984246484542476288 1
224904673 1
3828337574 2
797629755659001856 2
2186581322 1
1018512440575823872 0
791256585083334660 1
1417102848 2
115099146 0
74270231 0
144328232 1
887844741223731202 1
932952669735587840 2
3454518856 0
513525321 2
901528535667494912 2
1385177359 0
1018482276253028353 0
19482204 1
2972075613 2
199280223 0
2522007138 0
354731619 2
1018510411379945472 0
751575012876886016 0
271140473 0
1275545214 0
946384345769549824 2
333039247 1
102778527 1
1401046688 2
1018482861555544064 0
90883748 0
987458184406282240 2
2845951674 0
1015844334514499584 2
118605500 0
3194668749 1
119890211 2
1019205921069830146 0
469780183 1
198526689 0
707337058818379777 2
1018534159533465600 0
357254892 2
3158427384 0
165136131 1
903726596984643584 2
2708883213 0
190400281 0
2743322419 0
285099828 0
1018588726014947328 0
68077365 2
779036276880207872 0
1018511477093871617 0
114739006 1
136824645 0
972576182410543104 2
112014991 0
1016458424748560385 1
946259815 0
1018536439808589825 0
153864040 0
1018529236062261248 0
156452713 2
198690673 0
336709505 0
176506754 0
991829270480674817 0
3149088657 1
1018513449536643074 0
112445347 1
990234385688358913 2
2308687784 2
149309374 0
984575895078932480 0
40159181 1
108388686 0
191678432 0
1018635326082945029 0
356632557 2
1510164470 0
374261754 1
2948450302 2
156770645 0
911122184805822464 1
275171344 2
1018541007590354947 0
987777043 0
2829895703 0
962804607041728517 0
823129203012931584 1
100321296 0
905995786546057217 1
2589968445 0
334176608 0
965433321898508288 0
151242837 1
91474012 0
101566558 0
212355179 1
78202988 0
2916567161 0
1018516517019938816 0
431769727 1
548719638 1
2894678157 1
803696411011411968 1
274679968 0
1018627210918457349 0
1963837609 0
1018525143201734656 0
4525017269 0
1018531409475010560 0
202754248 1
49465548 0
938221439609655296 0
883937178677649408 0
1017163045838184448 1
359057625 0
739925552937603072 0
29346049 0
234572046 0
3996403992 0
245680411 2
192006434 0
346961627 2
990685410673217541 2
35113285 0
1018624017094279168 0
300103393 0
1335511368 1
997345615 1
2493008215 1
857557340 2
58640759 0
1018547281769795584 0
2508653784 0
276613508 0
253938060 2
1018526871024291840 0
91409475 1
983454375669649409 0
785107380 0
785435530628595712 0
161958338 2
3164611 0
3894954440 0
356370889 0
1018611282616995843 0
271567307 0
1013457459938197504 0
722946517 0
992299478 0
464177627 1
194791902 0
2657372642 1
4847421929 0
3982739974 2
1007831568 1
141576722 1
138791446 0
1018844337617166336 0
890001266239320065 0
857772377676980224 2
921876205737054208 0
747874629553881088 2
724464698008174593 0
3022867038 0
1018515819486162946 0
1018539798972239872 0
526928483 0
1018506318649446403 0
149146221 2
489049193 1
189191678 2
336775804 2
1018676117744640005 0
148818559 2
4797156459 0
105826958 0
1018583976603201536 0
932286799631863808 0
163859090 1
316590742 0
736447142 0
127158951 0
769678540161687553 0
906611395 0
75451080 0
262425295 0
2269858513 1
1496697554 2
257926329 0
1613843197 0
920098808608026625 0
966706932693291009 2
3293104915 2
906539324832759808 1
1018748813715148801 0
2330020646 0
986047411578654722 0
904129164181110785 0
2964933769 2
259967801 2
58542907 0
221891392 0
773966746743078912 2
3047541587 0
2826980184 1
763846685537792000 0
353454952 0
910248816 0
845432830536511489 0
3464088434 2
964327230 1
490654584 1
280349568 1
1491553154 2
1018644690890055682 0
163302275 0
461729792 0
1018539173136011265 0
88886156 0
968317128087552000 0
2206550930 2
1007993609919098880 1
2556873627 2
165235612 0
981611081377468418 0
825015072028192769 0
160451501 2
136891330 0
772079405828968448 0
124013531 0
2848607217 0
26594291 2
991397462794559488 0
133483511 0
95570947 0
1018539173311963136 0
1018525534756589568 0
1018510606620491783 0
904792823731548161 0
89115658 0
1901644820 0
1018520374244462592 0
528993302 0
983872292395540480 2
992541310199521280 0
1014851682495279104 2
3011693606 1
2204191802 0
1018629196602662912 0
733341860157100032 0
595037366 0
579226706 0
237096022 0
358567004 0
4759997533 0
2666646628 0
206359657 0
132205675 0
769583134195146752 1
41536635 1
93413909 1
95472777 1
4412591243 1
924450891125739520 1
1976585360 0
2277067921 0
197545108 2
942042488453427200 0
93763439 1
956592125101203456 0
590433451 0
455331001 0
103649282 1
709485916490825728 2
896091304165330948 0
461753554 1
52645076 0
310594780 2
998023372180217856 1
2183154914 0
103697635 2
1254673638 2
1557056743 1
366202092 0
792528412355104770 2
1018715788306534400 0
915795922973425665 0
92294391 1
1370574072 0
910642428 0
60476669 0
2569817358 1
1105251601 1
118508844 1
2896153909 0
722449643246714880 0
350440780 0
724743795011670016 1
978832723 2
362925396 0
4217326939 1
985967306198024192 0
2396933474 0
315411689 1
161828222 0
2225196416 1
996293680360280064 0
839993380285296640 0
438816145 2
192499104 0
524373416 0
2310884788 0
127028672 1
158977476 2
882061356727402496 0
3234287048 0
108514762 1
365841869 2
383252387 2
796432141651476480 2
192695778 1
549146084 2
390974958 0
1018551972960628740 0
953582243250950145 2
2257145347 0
100519431 0
3111734796 2
3463564813 2
124046863 1
897897405743484928 0
2925634140 0
374918707 0
394382921 0
213896787 2
1018518332285255684 0
1451085415 0
1018509818196320256 0
104517229 1
944002818284933127 0
2239254133 1
868898393975910400 1
1668959868 0
826179124012003328 1
717054811938553858 1
256352877 2
961047642154455040 2
965900369837649920 0
3152268959 0
75878058 0
1018619880898224128 0
1537724077 0
1018543206298996737 0
409390767 0
1018928809876316165 0
105991863 2
137744059 0
936058783297519617 0
1018528814434054149 0
1018551216874442752 0
810831558 2
127979207 2
754765512 1
360828626 2
419712728 0
823321396281384961 2
1084935930 2
302141180 1
1117605644 0
1358548758 0
4560113437 1
4852600607 1
861406027228557312 1
564317991 2
128995120 1
1206538034 0
1018507946328637440 0
67784499 0
1529564988 2
168382273 0
750210882 0
1018532325863325696 0
869321348681748480 0
156225363 0
1518784350 0
371937124 1
2788872043 0
2948550508 0
874751286389993472 0
1018540462142083072 0
1210273663 2
1686720392 0
3096563597 2
135253904 0
124309395 1
77352858 2
374001564 2
467029917 1
714103247997284352 2
990669723460349952 0
1018545422959370241 0
129945510 2
3090501544 0
981654124495343616 0
62574515 0
252694452 2
414404534 0
1013880048984756224 2
1018503693048705024 0
133451712 2
309350343 0
1018619226729472001 0
1018500342030495744 0
1184550859 0
1018681625326989313 0
3088338895 1
17911761 0
50909139 1
155766742 0
186568673 0
1018546199438217219 0
1018546410353029120 0
362827760 2
1018235536341897216 0
1018612384250908672 0
212062206 1
911994460053131265 0
740213286323376135 2
1020022794 0
1006963464756187147 0
1018500294995562502 0
944558094 0
199970839 1
2477445145 0
138530849 1
983840774 0
341856299 2
147771436 1
975055815999721472 0
158683205 0
953748295427424256 2
300503134 0
2514276457 0
47534195 1
22433912 1
612552841 2
128766092 0
141042370 0
950939946264809472 0
1018567897046765568 0
1014236574438092800 2
721506458 1
3507310753 2
273141941 0
958551141167566848 1
3146830021 2
1016485741046661120 2
1018823036529790976 0
595972299 2
2604388561 1
105042136 0
69456095 0
268488928 0
132567268 1
311185639 0
391598326 2
817108413662564353 0
1018537810897326081 0
123588860 0
2804502781 2
568676606 2
480825600 2
942032465220300801 0
192303369 0
975325545826344960 1
2285194628 1
196595994 2
3195588902 0
556912939 0
1018531239257624576 0
245616945 1
238702917 0
993808712 0
981000383265955841 0
933857720335138816 0
2802176351 0
398381422 0
613896563 0
827994952693067776 1
417485204 0
934506439825125376 2
1016312343985360897 1
140890546 1
732022867102027776 0
631296436 1
396326986 1
1007379547904409600 1
565039568 0
214749660 2
972616329298620417 2
70799849 0
634147309 0
85742065 2
447795701 1
2504675832 0
875412214622158848 2
488591897 2
330650138 1
836288724212264965 1
353358370 0
145106815 0
1018525699366313985 0
1009723109354528768 1
950413953867419648 0
376525385 0
613995085 0
1018544694563868672 0
750497082725765120 1
95769189 1
814982149497638912 1
810348016544653312 1
1018546643375828994 0
557404785 2
175886963 0
383242876 1
1018550623229247493 0
87609988 0
2987610764 1
563040909 0
1018516978997321729 0
2870268570 0
1010181594823438336 1
1018543709112225792 0
166430775 1
1916097211 0
929794322018570240 0
157471426 1
108028705 1
1000216741564252160 2
730053844021956609 1
928434868693946368 0
223171294 1
1107907303 0
981871464344408064 1
270127865 0
1018576643416297474 0
753796122674536449 0
113365766 1
59364103 1
1016347963373899776 0
919822619364311040 2
3301004072 2
822760254 1
3114193730 2
182506310 0
711004478909063168 2
777188746546540544 0
1018505317867405312 0
968999810517946368 0
1018525495774859265 0
2476528534 0
110908315 0
1018508561599647744 0
793759455448035329 0
840586158 0
390484916 2
829409345884549122 0
1105318854 0
2785858503 1
327504842 1
82006996 1
149705689 0
836817793890807811 0
1018520588434976769 0
536302568 0
213767149 0
405296123 0
1018565071822204934 0
4411118593 1
489542661 0
995147114408824832 2
1003819831739731968 1
67621917 1
961567497949458432 2
127423529 1
2828293162 0
402347051 1
1018114456314941441 0
604984369 0
221500472 1
841379474197368833 1
319575102 1
453465157 0
3285931099 1
404608097 0
1012783577275256839 0
1018542501395927040 0
563467381 0
926526885433151488 0
362468485 1
984714776 0
895459586760732672 0
4276507823 0
385504440 0
1018564363043602433 0
111662269 1
2422133952 0
893649266618585088 0
79254734 0
1020089558 1
98882777 2
140104928 0
1018541529277792257 0
934240808181600257 0
911977472446648320 0
1522554103 2
1006064224790024192 0
129062143 0
857641789821300736 2
1018873725943533568 0
164287753 0
3118290192 0
154293525 0
37213469 0
882670650501890048 2
442914086 0
964936376176160769 1
370726207 1
305845570 0
195417411 1
101143890 0
3311424851 1
262722906 0
5363042 0
4799485286 1
554882407 0
777264091295547392 0
1018549499965263872 0
952298215075917824 1
290706839 0
2162120122 1
1008383789578498051 0
128701932 0
289166831 0
625694198 0
123295225 1
114742778 1
3252278780 0
2878660463 0
2763740679 2
2421609993 2
452351507 0
930205784637616134 2
312301115 0
161568324 1
294868553 0
920027644858650624 1
86733574 0
957774441819328512 1
138597975 2
2232505963 2
155014767 1
277534340 1
573757061 1
4830353031 0
96196232 0
173168272 0
559077011 1
2737821334 0
2258130608 0
3218691766 0
725553038170177536 0
2748044992 2
2573162180 0
2165528264 2
980236680274771970 0
1018548402987130882 0
1004061308931723264 0
1388402383 0
89249489 0
722982613 0
1018520133415919619 0
88069850 1
180016859 0
1253332705 0
126605026 1
89020134 1
932149991547785217 0
186504952 0
1018524407105507329 0
405100284 2
937141857573834752 1
613635842 0
857768601830531072 2
961074911618809856 2
186472218 2
3628816157 0
2275006243 0
2416774790 1
128039217 2
105699128 0
780526083934416896 1
103708982 2
314005320 1
141940558 1
1832128142 0
1541199702 2
145512282 0
376624987 0
384522078 0
64280424 0
164452204 2
1011332948249886720 0
1465964406 1
206821240 1
212326268 1
1380013951 0
866441934251929602 2
186439564 0
777148308 2
890600427422666752 0
197580696 0
825754564251021313 2
1577637805 0
2394707886 0
360667059 1
824905368945844224 2
964205011445088256 0
1104730058 2
989281517678546944 2
140171214 2
862838990759657472 0
844257236 0
358340572 2
837410988706185216 1
970343586469380100 0
374331384 0
821316003137253380 0
131061766 1
140204053 0
2371016732 2
550033442 0
732853046850490368 2
2728089638 2
940015891596693504 2
195975215 2
761736502959144960 1
1015062394987479040 0
112908362 1
217829047 1
2463881304 2
150836392 2
1019079459427758080 0
981253858897879040 0
397269091 2
634837103 1
1018552017214758917 0
2148653171 1
229267574 0
2595739767 0
94888980 1
484857978 0
260888704 1
952304583543582721 2
896601504949383169 2
3730012526 0
218683546 1
959083463252029440 0
138205352 1
575854774 0
72833207 0
82008248 1
120543420 0
2755549378 0
142072003 0
84728017 2
975697125739782144 2
153540828 0
3252181216 1
178502013 1
1969707248 1
167729401 0
1684134138 0
910711038 1
227203332 0
452647176 1
1018554620615036928 0
244078860 0
130704429 2
802707738 2
584341793 0
3438631209 2
985632268042604545 1
940839967433134080 1
457660740 1
2393135430 0
744938355155140608 2
1018549587949379586 0
875474726419746816 0
937686397821046784 0
1157519696 0
2417776982 1
750115159 0
936941820751335425 2
2444482909 0
792353120 1
417880419 0
2413320559 2
1018646465672089601 0
416668027 0
995455828894380032 0
325310851 1
836317018932588544 2
860749967211868160 0
972972718672044033 0
1018526484493946881 0
371841426 1
1499486611 1
997195444383113216 0
836332025892253697 1
1018215494686519296 2
997894475241459713 1
2459195828 0
3817036214 0
941506730541895681 0
741062399143346176 1
815608954357022720 2
1004784819035754496 2
1424382415 1
265673172 0
796522711765827584 1
1001963552280858630 2
91609560 1
3191429604 2
88005107 0
2865650167 1
14113277 0
979213868852502530 0
2721372676 2
2262260232 2
261380627 0
3168197142 1
746281507 0
856328568648998912 0
1018534217570029568 0
755227206 0
377379400 0
156618508 1
990467077491298306 0
268720735 0
1018507613972115456 0
970139582825226241 2
932422263206531072 0
995332516633595904 2
263445110 0
1018699267656028160 0
848946889756209153 2
1065736843 0
2571623060 1
2291325591 0
1007040359325687811 0
1011371069582860288 1
772825722394124288 2
964694975945506817 2
958180599537307648 0
863296196 0
935373972153057280 2
287890157 1
138042101 0
156864297 0
390388476 0
546626307 1
2303744772 2
159734559 1
425351974 0
2793036586 0
3027688247 0
1393515331 0
3330431813 2
1169447755 0
108518222 1
174775119 0
408181595 2
1018550029613756417 0
251779933 2
64087187 1
485997035 0
54025096 0
132209545 2
152525711 2
486300564 0
150035353 0
89086879 0
852368956677648385 2
3118160823 0
870210494 1
968635737464860674 0
3371490243 1
1308790604 2
1014014691402764288 1
821739834335117312 2
1416190976 0
948404218741903360 0
1018541059511652354 0
1003690037970722817 1
98393108 1
894220395036934146 0
994376772518064128 0
931959459513069569 0
867182107768094720 0
2302598191 0
182672432 0
1018855659566182400 0
1006843878459215872 1
3320568918 2
376593495 0
1018539407031222272 0
3197983837 1
1016046631358287872 0
3677576295 0
942398570 0
172022912 0
3295763612 1
2185878685 0
146562209 1
859937689826668544 0
1018532345912135684 0
1018537658165923840 0
1138416806 2
936414585552121856 2
930226540025085953 2
714890430 0
1018543672407789570 0
317291040 1
131299873 0
337698003 1
4376059101 0
2492419963 0
2279267558 0
602103017 0
920695576639008768 0
3433356539 1
3388398849 0
1018497079629484034 0
449043735 2
396680476 0
291396895 0
284286244 2
104717610 0
1018554596577271808 0
838281179619012608 0
1018540579406266373 0
4871806252 0
67329332 0
1018551516414861314 0
969799678681284609 0
926112706691608577 2
399587895 1
212914061 0
284646753 0
239590757 0
99343721 1
760405602837393408 1
282615158 0
4925119865 2
974673185479241730 2
880256729359036416 2
179723655 1
862827833965633537 0
394583439 0
117792151 0
2975554979 2
924811195961487360 0
81255853 0
444980661 0
155901371 1
886733270230216706 2
162291155 1
132308441 0
820365898787782656 1
225926631 0
1018540542202929153 0
1018558488581111808 0
454845693 1
1470782964 0
953500457397190657 0
230252028 2
113401358 0
974290021015609345 0
1018619166029438978 0
264003090 0
1018526674831503360 0
308239892 0
500031004 1
250832134 2
349330986 2
592141869 2
129392177 1
817978934 1
1018532463814029315 0
55893563 2
2504482374 1
731714041211559936 0
1004068089271603200 2
955857392717189120 2
904829684478877696 1
1018561174080802817 0
185917021 2
1925045868 0
230002621 0
829048324393205761 0
801615270255226885 2
208821903 1
516415127 0
90791576 2
158097061 1
1018550117140492293 0
417554090 2
944287329262473217 0
1018511968284618754 0
194338479 0
326983361 0
158850766 2
1236917972 2
736667083262435329 0
1018624269696360449 0
55008996 0
175645992 2
1482022645 0
385703676 0
2262523645 0
910506189925998592 0
387931911 1
191553291 2
157146898 2
229990165 0
792544447133196289 1
901800258132422656 1
2470010663 0
1018621512394379265 0
186736425 2
917954348 1
111140655 2
4424949552 2
540401460 0
141660127 0
545709901 2
163176270 0
1018511438342574081 0
729666579227611136 2
977066085210976257 2
2872893285 2
739827558 0
218259308 0
1018544380209180672 0
408444783 0
1322835830 0
385605496 2
804446636047036416 0
213016447 0
37543810 0
1229905806 0
1018525471636680704 0
1017496183659548672 0
1010236057 0
520675237 0
1458364326 0
1018601007813718016 0
2728484777 0
318037932 1
859147526573887489 2
4419280817 2
118185911 1
23486396 0
1003849072183160832 1
814079942 0
794288071 0
948614798144622592 2
970252244 2
172974038 0
4750434274 0
802979068278804480 2
177725412 0
1289052134 2
869364556836904960 2
232218606 1
308699134 1
830942852305674245 0
835478035872768006 0
992575578120376321 2
277504015 1
1008135535557308417 0
977288621857361923 1
232546325 0
896114699963691008 2
854821912815570949 1
3066028071 2
996142325792428039 0
982388686519242753 2
461430839 0
1008120037473947658 0
464838726 0
80601166 0
2399887445 0
758666824036847616 2
161435665 0
3044532338 0
246374523 0
1018574724346073088 0
362963079 0
930246821900836864 0
342877551 0
111796390 0
2538725560 0
368468163 0
786329007054696448 0
118218957 0
1323491538 0
1629216979 0
155967703 1
90890456 2
362143974 1
96624877 0
503832815 1
338485491 0
99999990 0
71098617 0
209477886 1
781687561383059456 0
869570510102949888 0
1730044189 2
177692963 0
708367119776227329 1
982168621882400769 0
540336436 1
432169282 0
1329422666 0
565993803 2
224682318 0
215114069 2
351330648 1
893205667405844481 1
1018520677635297280 0
247521641 1
731242867 1
379117948 0
82174335 1
2175230337 0
1244946822 0
348807571 1
2572050840 2
807494052 0
1018538412553297921 0
910601528624459776 0
996763023665745920 1
878253359920283648 0
355787268 2
63201802 0
1018522778373443584 0
339927565 0
189096469 0
636680964 0
1018536257172000768 0
2612519462 0
705531723791126530 2
111698479 0
977978115887718402 0
847596118884089856 2
358376014 0
1018532836926808064 0
142074447 1
705855983080181760 0
731963994 1
105046621 2
154329696 1
217670246 0
857855928259014661 0
826580028062388224 0
976915918298271747 0
383869577 2
960956089327149057 2
111665820 0
1018528620669816833 0
595813023 0
900457135 0
148988592 1
133882551 0
224191170 0
451601100 0
175990221 0
468902620 0
80667363 1
743934892241788928 0
189719306 1
409494287 1
138208032 1
164127521 0
1947099943 0
1018552838325243905 0
420012848 0
2290508593 2
252633909 1
90071871 0
113238848 1
599581514 1
553881385 0
992178644079534081 0
3527304028 1
272622442 2
754037415589781505 0
452584332 0
113206159 0
3126518680 0
503833499 1
92169116 1
263250845 2
908354350451490816 2
1608672169 0
1586226091 0
158426048 1
2923193300 2
3057968090 0
416998382 0
2193351682 0
1007749750580539393 0
1018611243005939714 0
2244699156 2
145712160 1
891353934295642112 2
125363239 0
616850477 1
471426097 1
587850802 0
298673207 0
1018511904615096320 0
997875708797046785 2
60646461 2
61891650 1
3228755013 2
619373644 0
960175861629636608 0
2866340949 0
573203560 0
3050726524 1
946560723248910336 1
1015063569648553984 1
555082899 0
71951512 0
1355015330 0
527721643 0
740366550809600000 2
3562431674 0
1018520265976926208 0
116286652 1
930151741382852608 1
1018504389110067200 0
842749638339776512 0
958073833935790080 2
304735463 0
995697855552630784 0
139584761 0
843628000113508354 0
362341632 0
743696038515482624 0
522806544 1
902234638558662657 1
745323224871772161 1
456883080 0
1005608467808309248 2
1691739474 1
2318820691 0
830104934 2
579691880 0
145909099 0
122250605 1
308307311 0
2153768317 1
3298977150 0
1689642379 0
221472148 1
999461612720410624 2
955806811575156736 0
171752348 1
571008430 1
335504818 0
883127398035750913 0
299558335 0
883009099 0
473523653 0
2728682957 1
856942033 0
949604901503422464 0
142042581 2
609478103 0
1018582978799263744 0
963853734374727680 2
978609637 0
2898781671 0
1056990697 2
155608556 2
91263230 2
1003875264517017600 2
716465664 1
138241537 1
83977746 2
1006337135065038849 0
296412747 0
934552496390983680 2
977661987541929984 0
908781140 0
827273601690718209 1
81946217 1
2516313709 1
983392949059891200 1
84174449 1
246638206 0
1401611904 0
2370758275 0
1018532692013400065 0
192702089 0
453404298 1
2777245326 0
612918928 0
2263869073 0
226835395 2
1620240020 0
401663643 0
100361885 1
2870863521 1
318072489 2
919751821345902592 2
82634433 0
853711936671842306 2
48326355 1
3104106199 2
3128813280 0
109733615 2
734132639255400448 0
212035327 0
897215033951887360 2
163342096 2
66709269 0
1169942299 0
148432670 0
1205593890 2
725738666128105473 1
2753849128 1
263612209 0
770324173998682112 2
724272219560402946 0
1571546947 0
4730447688 0
362276682 1
4846733015 1
955200518866944000 1
66414451 1
84961157 0
175859595 0
857082471044628480 2
1018540851880919040 0
117139349 0
1682139037 2
630351774 0
431286178 0
790570823014682624 0
36300732 2
612460481 2
363947974 1
915859406 2
2273863633 2
81618909 2
125036528 0
202237942 0
1005564467265130497 1
2882463770 2
4174538788 0
1883126790 0
1018532388807196672 0
211707946 1
2267867181 1
4655933493 0
1018489972951801856 0
411893762 2
257091657 1
294709326 0
809461842 0
395017231 0
82012267 0
340486256 1
47835249 0
452683890 0
767076031 1
346291751 2
15782254 1
117500067 0
866409883154907138 2
69920939 0
68872364 2
115992754 1
345041102 0
383248591 0
980892825494675456 0
925401114798936064 0
914452703362928640 1
3231967488 0
782073510495592448 0
259385624 0
700557410608422913 0
123431224 1
455895354 2
1018543482980458496 0
64448827 0
742525305395380224 1
768802092953706498 0
2254432591 2
121891155 0
218949984 0
962229454679498752 2
273803638 2
149612933 2
887924313814446080 1
90794380 2
2154773571 2
2837866900 0
148203928 1
337865123 2
164751780 0
934311341598355456 2
2584471975 1
748942675487916032 1
959763206720901120 1
106555861 2
719384795789135872 0
802211000686694400 0
963209714 0
775809506945093632 1
921664878926008320 0
869198334 0
948330346726256640 2
114911769 1
23063069 0
262498856 1
632384046 0
33974832 1
347007539 0
1235741251 1
171698756 0
3080022605 1
189753940 1
1703275105 1
62909026 1
1851452012 0
997304179256414208 1
129657461 0
1360423544 0
2827414152 0
273541769 0
223931019 1
1001908880 0
2987715220 2
897436085260873728 0
533588637 0
2753817253 2
4896320182 1
250702520 0
276294329 2
892497548937658368 0
264366795 1
227830477 1
933259988 0
194374361 0
1018516245002452992 0
997081358240378880 1
1017694531490340864 0
4628507376 0
596208373 1
759810025053261824 2
1018538366231445504 0
1018536251165511681 0
1018530642122792963 0
1018530044929404929 0
1018518606882037761 0
1018525931613253633 0
1018535037015285760 0
1018517680729481217 0
1018520864768159746 0
1018531915442184192 0
1018524013834858498 0
1018540193282834432 0
200239866 1
750056589260840960 1
551578375 0
231271185 2
914178314864128000 2
4261079842 0
976284406393593856 0
868488674840764417 0
1007790302437019649 1
106195768 0
868282679845806082 2
2891639635 0
488074069 2
703032153 0
794220555784351744 0
2321542003 0
767506793970987008 1
929452227915337728 1
1191242640 0
2926242705 0
216263574 0
1009617442220453888 2
57437109 2
4327533494 1
604072890 2
2562943937 2
731270280333676544 0
999957901245583360 2
163933146 2
2408213490 2
216755200 0
265579542 0
157805591 0
16444444 2
3310840862 2
1008950697973374976 0
979500637661560834 1
957818889001353217 1
115141670 2
140536875 0
343731254 0
1018581043547443200 0
1016322762401550336 1
961774076636299264 1
262892617 0
302808249 2
148532312 2
34991205 0
1018630975956443137 0
784441844390359040 0
334729748 2
100101249 0
206957700 0
1192225928 0
175533199 1
1709108372 0
199060639 0
2553081003 0
419392690 0
2646863040 2
844225558951219200 1
919365131175383040 2
163942949 1
170474705 0
897622090219741184 1
287403259 0
125857021 0
1408527614 0
922156444027297792 0
859209172184952832 2
969959049893617665 2
624028969 2
57208111 2
591326514 1
89287996 2
1018550339505704961 0
348646720 1
902702380013072385 1
895454164808998914 2
585362772 0
136801626 1
964709509917741058 0
445082998 1
2239131010 2
340487555 0
866108160171532289 0
1324674452 0
1018539442082963457 0
935947675 2
1018542245836812288 0
1032154531 0
256372147 1
180972983 1
416116157 0
185691585 0
957402605516414976 1
980840259297693696 0
1898036478 0
1018595049221783554 0
195475305 0
1546805478 1
242904590 1
469888529 0
86830621 1
392719906 2
215379495 1
139554373 0
1129672262 0
725898933227003904 1
127069789 2
1018525462182662146 0
368602723 0
1021636196 0
1018523485612773378 0
116846181 1
324857460 0
180874872 0
141160059 1
951192935030145029 2
909907484252323840 0
159149722 1
267841181 1
997387938 2
591851173 2
63499950 2
143912628 0
884030335155150848 0
1008773993464147968 1
21982917 0
342912713 2
209186519 2
3189960414 0
257257184 0
788197092 0
820785866058661888 1
952659836147290112 1
113733366 0
834780474799124480 2
318828301 0
1018529030168080385 0
977976740512493568 1
736816920 0
372076316 0
951477098148806656 0
158035764 0
527068984 1
957405889438277634 2
755480645183209472 0
3176623941 0
4223412197 2
981270486251397120 2
116518765 1
324145812 1
933378443848413184 1
1554345864 1
412610454 2
317779867 1
244150185 0
1018534171952734208 0
786972545304199168 0
1018529340802379776 0
985949817577902081 0
116092851 0
3300945847 1
244707264 2
1018540330549956612 0
923246371863281665 0
1268772806 1
989881755665616896 1
933833951264825345 2
102428642 0
1018539281785278464 0
257159156 2
375287804 2
84439037 1
982724005101793281 1
830042791371632643 2
841430604986085380 0
720056465701138437 0
925881965601058822 1
944646354525188103 2
989294618 2
916495257755365376 1
91713574 1
58945588 0
2855333949 2
140931135 1
3807146053 2
1006330746137665536 1
793978760450215936 0
999096921766711296 1
489582706 0
37482611 0
3045748855 0
1018541618503278594 0
1905324164 0
92762254 0
873005572521635840 2
1014704516581789696 2
119992507 0
884461083766816768 2
720785717358538752 2
3098177749 0
34045306 0
921817637826519040 0
1012494564 2
840385571210088448 0
346321145 2
831206040922365952 2
214298889 1
535884044 0
750001464873984001 0
4056838439 2
4894716203 1
417952051 2
818934068 1
922229181697716227 0
818242259145596930 2
1611711908 0
964738708497936384 2
133755213 2
1018503862125117440 0
1018690890947350534 0
884220447277056000 0
961358829442228224 0
210891110 0
772463128609251329 0
3180360051 2
102494582 1
395145597 1
487715198 0
408023424 1
911629556053954565 1
413102482 2
1802911129 1
710254323314335749 1
710619568914321408 0
748040226744991744 0
4068667846 0
936829540730486784 2
859826552112066561 0
1018533043651440640 0
3039130085 0
751599959389143040 2
309916138 2
812059165736706048 0
112652787 1
1016452529851420672 1
233730560 0
281637381 0
1018505678212812801 0
968505996476866560 2
221540890 0
1350955549 0
3342365218 1
2667901480 2
3349508652 0
122450480 1
569995834 0
193983038 0
760604460141928448 0
1018533333788123136 0
748732802636525568 0
1018530233643872256 0
612102729 1
17166924 0
990751803183648768 2
198341202 2
172192340 1
2230284889 2
719727115873161216 0
2152034915 1
1008428964942147589 0
1018603228919975936 0
346387053 0
199324270 0
157545076 1
120222325 1
4749455990 0
745632378 0
1228698259 0
881627365369151489 0
222327451 2
994014662307041280 1
369617010 2
383349424 1
1008694170834358272 0
3231412925 1
402518724 0
1018505470162677763 0
220754629 0
967502057937620992 1
43479754 2
440496843 0
251753170 0
129659604 0
3201659613 1
2288939745 1
461468388 2
1018533207019610118 0
117961446 2
4651512552 0
1018540387978235904 0
2607575787 0
1005985427499732992 1
3394892537 2
145683204 1
837717697400037376 2
160068361 0
2731152173 1
855765787 2
235729692 0
840694957035929601 0
1251996464 0
103019315 2
4444582719 1
71103303 2
71856973 0
224359264 1
170357602 0
992150807221977088 0
99906417 0
1018409253370056706 0
770356343505051652 0
2500981637 0
2220322632 0
2183590832 0
405009330 0
111309749 0
3461791220 0
1016470598707499009 2
1015144061097816064 0
1002623162729811968 2
840419936237436928 0
824308569650577408 2
122155991 0
1579611096 1
741635036 0
1015680138183348225 0
2834723829 0
1018531888309391361 0
228160510 1
968256225992499205 0
2275505166 1
390132752 2
1222865942 0
87979039 1
443413536 0
2345825315 2
368702523 1
91681866 2
1018532345861767168 0
222000203 0
265057357 0
2361979986 1
116487259 2
179696732 1
586183790 1
4193547379 0
909868825130266625 0
156660869 0
1000762228625362944 2
376960150 0
4531287194 2
373585055 2
487945376 0
1005569381269757952 0
138179756 1
350549170 1
456750266 2
904463132936081408 2
157021376 0
1008793400160681984 1
128578761 0
272069835 0
2984277198 0
1018539200105336832 0
426439888 0
865089186440912896 0
1018526429770756096 0
188118239 2
592344291 2
953097960304226304 1
844035314 1
885895097023332353 1
276100357 0
703739123262201856 2
4855723281 0
949989715754790913 2
703682063958974465 0
234878249 0
2311222572 1
820671793 0
2174383410 1
2230089012 0
262973663 1
919661366893580288 2
3026810188 1
2933880147 1
215119195 1
582317409 2
2329081191 0
344290668 0
1321137534 0
867717438686846976 0
15693187 0
181138831 0
1700001174 0
724994478914818049 0
328299931 0
1952904631 2
122025401 0
80967101 1
966882757 2
2850158023 1
343440972 0
1005307268202684417 0
294417881 0
4852544987 1
1183643100 0
1018512017286627329 0
27817437 1
40997797 1
55047649 0
64484850 0
141325812 1
773977598 1
750488798245433344 2
380938496 0
99546627 1
125531656 2
263648779 1
2220291596 0
1018544199384236032 0
1018545562642104321 0
989965648972472321 2
996495764896534531 1
914880024 1
994934534746640385 0
1504933430 1
485815875 1
883894024062554112 0
2203547215 0
1240299090 1
117110356 1
492598870 0
3395581527 1
722874544197734400 0
973929492984008706 2
3024385627 2
375715435 0
1319302765 1
280327795 2
2592437886 1
954092937750618112 0
321582738 0
2842934894 0
894719815973302272 2
1101919898 2
178910877 1
893232140695023616 2
1018564439220596738 0
119600811 0
802578841445101568 0
702807499838193664 0
165279433 1
955195085460733954 1
236877517 1
834430028276461568 2
1439004379 2
101316328 2
709482877273165825 1
151647986 1
958143472304766976 0
980566716467105793 1
2464872203 1
125499156 0
1018534180140081152 0
843740952 0
3325163291 0
78673702 1
158332712 0
760962971417935872 0
749661834203000832 0
167606078 1
964469419324923906 0
1210021706 0
902896538061561857 0
4484462416 0
111376215 0
2519332705 2
934216271121584133 2
102448787 1
4708595579 0
405567361 1
567637890 1
459470725 0
153450390 0
94599065 2
496041626 0
1017976912189239296 0
139753382 0
993989358159097856 1
461764532 1
1018956240431534080 0
927240373445038080 2
867535729085358080 0
32995269 0
2567927762 2
975489813779533825 0
2179233764 2
944672501547831297 0
777647717405175808 0
1110276103 0
3044767757 0
263223320 0
741242906 2
717572260412919808 0
827532940259315712 0
1289910314 2
384464940 1
276691000 1
313096254 0
58554436 0
388888650 0
3402266699 0
2773973070 2
332494938 1
85489763 2
61012075 2
2654402671 0
39254138 2
731064771328409600 1
2370726253 0
1018532997988003842 0
308541594 1
2360801446 0
124057767 0
1018531683107246080 0
973675769368121345 0
425443016 2
2840308085 0
1018619822710710277 0
423531552 0
763152558646886400 1
977731374911279106 0
704291320416702466 0
136149205 0
1020417061 1
409577853 0
994948149650296832 0
248936702 1
743209046308757504 2
719058288516734977 1
119470383 0
845276643094646784 0
965804631333928961 0
483260729 1
276166976 2
1018576766108135424 0
372570443 2
1018506915641425920 0
4923521360 1
331872600 1
3751253052 0
1014884711091593217 2
945521575759138816 0
199391603 1
200210821 2
4735039878 1
2634643848 0
880240046967861248 2
177994125 2
1018521785417863168 0
992247446 1
4314462612 0
1006684825858830336 1
259324320 1
43121057 0
995487194818195456 0
519666092 0
1018491136082628608 0
164886957 2
112556465 2
740498747004715008 1
465926592 1
2991028679 0
1018514657152196608 0
632322509 0
974762858058801152 0
1018510261106376705 0
97745384 1
798695808086474752 0
1018542110746738688 0
156072428 2
1018508921537875969 0
4878203373 0
1348041217 0
398359047 2
119482797 0
3202120209 1
978402605301936129 1
190446106 1
4690737696 0
173832737 0
984287492475105280 2
763178551197573120 0
82147880 0
574749233 1
744434101 0
193789708 1
1532852821 0
1921384207 2
204504848 2
816437848459055108 1
144013966 0
167574168 0
3142986180 0
2522118820 1
809977793056481280 1
280230573 0
1018557749301530624 0
142342831 1
428800690 2
106166973 0
994938078828662784 0
2932898509 0
967244504 0
3318742820 0
107543262 2
168950505 2
220413735 0
962951101875179520 1
162512681 2
1655947050 2
892094012181536768 2
859423183434375168 2
1007876882 1
15301397 1
305167131 0
859178094724341761 2
101662513 0
41679667 2
937841536863227905 1
885924794688036866 2
533297997 0
426638160 0
2882698065 2
790382498119348224 0
291437404 1
139819869 0
57801573 1
3121838951 1
1018612693723484160 0
940089312359542785 0
990639077115523074 0
2840951668 0
145260350 1
202734458 1
2921397121 0
622885768 0
161676170 0
902533322580017152 0
53214099 2
106986406 0
1358003118 0
1018550928541175810 0
154991538 1
2670721976 0
774741508918566918 2
3260185542 0
953384441166090240 1
170064854 0
796982245 0
157514728 0
1018521929769279488 0
711271393678258177 0
1018532276798357504 0
114031604 1
920866272069537793 1
1018831625520590848 0
36469752 1
857187185308479488 1
117111811 0
1018562471706136578 0
819266368348581889 1
101645319 0
3262774291 2
1117223960 2
176847907 0
900267044 2
160627753 2
3750689838 0
158530621 0
1018536448096694272 0
748169742918258688 0
25590859 0
1013845244729872387 1
196574300 1
2843376736 0
217054311 0
924089449 1
1669704211 0
770431134161264640 0
134872190 0
1018556857785487370 0
181992580 0
719220232406110209 1
116292750 0
408944611 0
2183298212 0
145456295 1
785357568008794112 0
993141729506230273 2
177601721 1
68222166 1
4412112087 1
332037339 0
1018522619824492545 0
94371045 0
51150059 0
1018852866721804288 0
1342471411 1
793584525611851776 1
849944770260721664 2
1018619650509287424 0
1652260099 0
863204988977389568 0
41843996 0
63831325 1
113245475 1
851915018543276033 2
349306150 0
107937066 2
170163501 2
770875136689905664 0
4251942192 2
1018539816668024832 0
997564383738908673 0
884610988225568770 0
2357394758 0
953039806782586880 0
318733662 2
950771110143918080 2
946158461213167621 2
102497635 1
1010972787153006592 0
1018541582511943681 0
994227367240437762 0
425917812 0
1018650610583855104 0
859045242 0
230882688 1
1297350018 0
922280067555831809 1
370343317 1
898986605477863429 1
760252629851246592 2
391478702 2
966727636973219840 0
212008378 0
134643136 0
76545476 2
307854790 2
2394264823 2
74087894 0
271023582 0
557186527 0
2307161574 1
953618177191116801 2
740857088616890368 1
206437921 0
1000504868 1
309722663 0
147553841 1
1331625529 0
492666429 2
241270348 1
176258637 0
1018532595976548355 0
1018533050748166150 0
862292452148879360 0
1406795365 2
331873898 1
2364538484 0
2868357738 2
2948071044 1
333119113 2
1906212493 0
1017922653548695552 0
90177174 1
1535016601 1
1488027290 0
1018561507305680897 0
490569375 1
1006219465313398784 1
142835375 0
263290544 1
1202126533 0
996860810315075586 1
124321494 1
136729894 1
308215532 0
2864971503 0
1013958452131983360 1
2957737715 2
242745079 1
999011563217530885 1
3302915834 1
982434481700245504 0
4806213379 0
134676236 0
200998670 0
242024208 1
2844229398 1
2286812951 0
1018523103935123456 0
918147166539079681 2
956922781274226688 0
1018513828282355712 0
988921846014857217 2
123699005 1
1018540765729972224 0
2157707070 1
966993969526857730 1
308838214 2
78249808 2
309624659 1
169082711 1
712050930473148417 1
32145255 0
2293579776 0
382992249 1
957325419887423488 1
376143750 0
4301848457 1
1150025629 0
855777180265132032 0
817179135713886208 0
343113652 0
998275356976209926 0
65404867 1
945040098814496774 2
998046354038456320 0
577798098 2
67436499 0
134152148 0
1045561308 2
150667231 0
725143061890666496 2
589496296 0
1018524125411721217 0
851771370 0
