5.2923397553,5.36330154071
3.45,5.8
6.02773831957,5.761465545
4.58,5.0
5.45593220339,5.28828996283
5.78870241131,5.19331090129
4.66796228491,5.31471361701
3.89,6.2
5.18248446181,5.63798841735
4.58,5.0
4.58,5.0
5.01780717875,5.53488156631
6.02582678389,4.99623331244
4.58,5.0
5.50911113376,5.83734319678
5.68533899716,5.3220769557
4.58,5.0
4.88498892335,5.4755772863
5.2923397553,5.36330154071
5.92057711553,5.4012956977
5.12635391413,5.67076707053
5.19556413499,5.87289951346
5.78870241131,5.19331090129
3.89,6.2
5.45593220339,5.28828996283
6.26570975149,4.8800466223
5.78870241131,5.19331090129
5.78870241131,5.19331090129
3.89,6.2
5.89815003934,5.41462906274
5.13130434783,5.03717472119
3.89,6.2
4.66796228491,5.31471361701
4.58,5.0
3.89,6.2
5.78870241131,5.19331090129
3.89,6.2
5.41255526212,5.37790904931
3.89,6.2
5.55094219771,5.27942220951
5.63715293961,5.82663102925
3.89,6.2
3.89,6.2
6.26570975149,4.8800466223
4.58,5.0
6.02773831957,5.761465545
4.83708864175,6.05142153002
4.66796228491,5.31471361701
4.29334549372,6.3834410172
6.08318724778,5.1149676834
6.21857246665,5.27444634083
5.68533899716,5.3220769557
5.69044790534,5.44531804116
5.01151343168,5.4459201692
4.88498892335,5.4755772863
6.08318724778,5.1149676834
5.98187877907,4.98507690975
4.58,5.0
4.66796228491,5.31471361701
5.01151343168,5.4459201692
6.26570975149,4.8800466223
4.58,5.0
5.78870241131,5.19331090129
5.68533899716,5.3220769557
5.01151343168,5.4459201692
5.01151343168,5.4459201692
6.02773831957,5.761465545
5.01151343168,5.4459201692
6.16882463829,5.70382032963
5.01151343168,5.4459201692
5.01151343168,5.4459201692
4.29334549372,6.3834410172
4.29334549372,6.3834410172
5.01780717875,5.53488156631
5.01151343168,5.4459201692
4.58,5.0
5.45593220339,5.28828996283
6.02773831957,5.761465545
6.21857246665,5.27444634083
5.45593220339,5.28828996283
5.68533899716,5.3220769557
4.80110087471,5.47866783673
4.29334549372,6.3834410172
5.27422454689,5.6330014303
6.39440089586,5.28976764969
4.29334549372,6.3834410172
4.58,5.0
5.41544609328,5.53686230574
6.39440089586,5.28976764969
5.89815003934,5.41462906274
4.29334549372,6.3834410172
4.29334549372,6.3834410172
5.68533899716,5.3220769557
4.29334549372,6.3834410172
4.66796228491,5.31471361701
4.29334549372,6.3834410172
5.59949109413,5.4802030934
4.29334549372,6.3834410172
3.89,6.2
4.58,5.0
5.41255526212,5.37790904931
5.68533899716,5.3220769557
5.68533899716,5.3220769557
5.59949109413,5.4802030934
3.85859478593,6.2317880077
4.58,5.0
6.02773831957,5.761465545
6.4,5.35
6.02773831957,5.761465545
3.89,6.2
3.89,6.2
4.58,5.0
6.16882463829,5.70382032963
5.41255526212,5.37790904931
5.78870241131,5.19331090129
5.27422454689,5.6330014303
5.50911113376,5.83734319678
5.37294955098,5.07225316456
5.98187877907,4.98507690975
6.02688172043,5.26891891892
5.9580298731,5.41340305175
6.25555555556,5.27283464567
3.94364148552,6.57022976957
6.00901420604,5.50044683663
6.0959751778,5.29221255521
5.01780717875,5.53488156631
4.66796228491,5.31471361701
6.39440089586,5.28976764969
5.41334363147,5.73815690623
6.26570975149,4.8800466223
6.39440089586,5.28976764969
3.89,6.2
4.58,5.0
4.66796228491,5.31471361701
5.05230112349,6.06448677508
5.41255526212,5.37790904931
3.89,6.2
4.96804062167,5.35311444011
5.4396399645,5.71363264063
4.66796228491,5.31471361701
3.89,6.2
3.89,6.2
5.68533899716,5.3220769557
4.58,5.0
5.4396399645,5.71363264063
5.68533899716,5.3220769557
4.85232747849,5.82376085455
5.55094219771,5.27942220951
5.88122153797,5.00671167647
6.39440089586,5.28976764969
5.68533899716,5.3220769557
5.68533899716,5.3220769557
5.68533899716,5.3220769557
5.41255526212,5.37790904931
4.96804062167,5.35311444011
5.68533899716,5.3220769557
4.58,5.0
4.66796228491,5.31471361701
6.39440089586,5.28976764969
5.68533899716,5.3220769557
4.32368038741,5.32192393736
6.26570975149,4.8800466223
4.66796228491,5.31471361701
4.66796228491,5.31471361701
4.58,5.0
6.16882463829,5.70382032963
5.41255526212,5.37790904931
3.89,6.2
4.66796228491,5.31471361701
4.58,5.0
5.68533899716,5.3220769557
4.58,5.0
4.58,5.0
5.19556413499,5.87289951346
4.66796228491,5.31471361701
5.80894489437,5.03708879543
4.80110087471,5.47866783673
4.78724106763,5.8991988096
4.58,5.0
4.58,5.0
5.68533899716,5.3220769557
4.66796228491,5.31471361701
6.22200965573,5.47227917071
6.02773831957,5.761465545
6.4,5.35
5.1641656727,5.45401066021
5.60184604307,5.19565536178
4.58,5.0
7.20665413534,4.35890410959
5.60184604307,5.19565536178
4.58,5.0
6.4,5.35
5.12635391413,5.67076707053
6.02773831957,5.761465545
3.89,6.2
3.89,6.2
4.66796228491,5.31471361701
3.89,6.2
5.13130434783,5.03717472119
4.88498892335,5.4755772863
4.88498892335,5.4755772863
4.66796228491,5.31471361701
6.39440089586,5.28976764969
4.58,5.0
5.41255526212,5.37790904931
4.58,5.0
4.66796228491,5.31471361701
5.19777098401,5.42023916716
4.66796228491,5.31471361701
5.43008025791,5.59361248018
5.41255526212,5.37790904931
4.66796228491,5.31471361701
6.21134244749,5.12064248077
4.66796228491,5.31471361701
5.37294955098,5.07225316456
4.66796228491,5.31471361701
3.89,6.2
6.4,5.35
4.83708864175,6.05142153002
4.66796228491,5.31471361701
6.4,5.35
5.99273858921,5.33203703704
6.02773831957,5.761465545
5.01780717875,5.53488156631
6.32181592668,4.84458877942
6.16882463829,5.70382032963
6.26833048437,5.56513982083
5.01780717875,5.53488156631
5.41255526212,5.37790904931
6.02773831957,5.761465545
5.68533899716,5.3220769557
4.88498892335,5.4755772863
4.58,5.0
3.89,6.2
4.88498892335,5.4755772863
5.80129527584,4.75200572113
5.4396399645,5.71363264063
4.66796228491,5.31471361701
4.66796228491,5.31471361701
3.89,6.2
3.89,6.2
6.02773831957,5.761465545
4.58,5.0
4.58,5.0
4.58,5.0
6.39440089586,5.28976764969
5.68533899716,5.3220769557
6.02582678389,4.99623331244
5.68533899716,5.3220769557
6.0959751778,5.29221255521
5.68533899716,5.3220769557
4.58,5.0
5.45271462936,5.45443820357
3.89,6.2
6.16882463829,5.70382032963
5.68533899716,5.3220769557
5.65205615954,5.75230882689
4.58,5.0
4.58,5.0
4.88498892335,5.4755772863
6.08772553433,5.43002788885
4.58,5.0
6.39440089586,5.28976764969
5.68533899716,5.3220769557
6.39440089586,5.28976764969
4.58,5.0
3.89,6.2
4.58,5.0
5.92911358565,5.88637496501
6.39440089586,5.28976764969
4.78706896552,5.54405144695
5.41334363147,5.73815690623
6.21857246665,5.27444634083
4.88498892335,5.4755772863
6.39440089586,5.28976764969
3.89,6.2
4.58,5.0
4.58,5.0
6.26833048437,5.56513982083
4.58,5.0
4.58,5.0
6.0959751778,5.29221255521
6.26570975149,4.8800466223
3.89,6.2
5.70660755596,5.29062564074
6.39440089586,5.28976764969
6.26833048437,5.56513982083
4.58,5.0
5.81359884673,5.19578788572
3.89,6.2
5.68533899716,5.3220769557
5.68533899716,5.3220769557
5.68533899716,5.3220769557
5.55094219771,5.27942220951
5.69044790534,5.44531804116
6.39440089586,5.28976764969
5.69044790534,5.44531804116
3.89,6.2
4.88498892335,5.4755772863
6.39440089586,5.28976764969
6.39440089586,5.28976764969
4.88498892335,5.4755772863
4.88498892335,5.4755772863
6.26570975149,4.8800466223
4.58,5.0
4.58,5.0
6.02773831957,5.761465545
4.58,5.0
6.16882463829,5.70382032963
6.08772553433,5.43002788885
6.39440089586,5.28976764969
3.89,6.2
5.55094219771,5.27942220951
5.42844202899,4.59885386819
3.89,6.2
6.02773831957,5.761465545
6.21857246665,5.27444634083
4.58,5.0
3.5675,6.45278810409
4.58,5.0
5.41334363147,5.73815690623
3.89,6.2
3.89,6.2
4.58,5.0
4.58,5.0
5.41334363147,5.73815690623
3.89,6.2
5.55094219771,5.27942220951
4.58,5.0
4.58,5.0
5.69732721588,5.10967331222
4.58,5.0
3.89,6.2
3.89,6.2
3.89,6.2
5.68533899716,5.3220769557
4.58,5.0
3.89,6.2
4.88498892335,5.4755772863
6.26833048437,5.56513982083
6.02773831957,5.761465545
6.02773831957,5.761465545
6.16882463829,5.70382032963
3.89,6.2
6.39440089586,5.28976764969
6.26570975149,4.8800466223
4.58,5.0
4.58,5.0
3.89,6.2
4.58,5.0
6.02773831957,5.761465545
5.97691303462,5.63172596145
3.89,6.2
6.02773831957,5.761465545
4.58,5.0
4.78706896552,5.54405144695
5.56864676128,5.05547388976
6.02773831957,5.761465545
6.08318724778,5.1149676834
6.02773831957,5.761465545
5.4396399645,5.71363264063
5.97087893326,5.25505978543
4.58,5.0
3.89,6.2
4.58,5.0
4.58,5.0
3.89,6.2
3.89,6.2
5.98187877907,4.98507690975
6.21857246665,5.27444634083
5.69044790534,5.44531804116
4.83708864175,6.05142153002
4.88498892335,5.4755772863
5.13130434783,5.03717472119
6.02773831957,5.761465545
6.26570975149,4.8800466223
4.58,5.0
4.88498892335,5.4755772863
6.26570975149,4.8800466223
5.68533899716,5.3220769557
5.19556413499,5.87289951346
3.89,6.2
6.21857246665,5.27444634083
6.39440089586,5.28976764969
4.58,5.0
5.4396399645,5.71363264063
5.80129527584,4.75200572113
6.02773831957,5.761465545
5.68533899716,5.3220769557
5.4396399645,5.71363264063
5.41692307692,5.26265306122
4.58,5.0
3.89,6.2
3.89,6.2
5.13130434783,5.03717472119
3.89,6.2
4.88498892335,5.4755772863
4.58,5.0
5.11317391327,5.03777228242
5.59629686964,5.84507440954
5.59629686964,5.84507440954
5.4081994311,5.53735253276
6.26833048437,5.56513982083
4.58,5.0
5.98187877907,4.98507690975
6.08772553433,5.43002788885
4.58,5.0
5.13130434783,5.03717472119
3.89,6.2
5.55094219771,5.27942220951
4.58,5.0
5.55094219771,5.27942220951
3.89,6.2
6.26570975149,4.8800466223
5.41692307692,5.26265306122
3.89,6.2
4.58,5.0
4.58,5.0
5.69732721588,5.10967331222
5.13130434783,5.03717472119
5.68533899716,5.3220769557
3.89,6.2
6.00901420604,5.50044683663
5.4396399645,5.71363264063
6.19747675508,5.45818943057
4.88498892335,5.4755772863
6.26833048437,5.56513982083
4.58,5.0
5.13130434783,5.03717472119
5.68533899716,5.3220769557
3.89,6.2
4.58,5.0
5.68533899716,5.3220769557
5.13130434783,5.03717472119
4.88498892335,5.4755772863
4.58,5.0
4.58,5.0
6.08318724778,5.1149676834
5.19556413499,5.87289951346
5.13130434783,5.03717472119
6.26833048437,5.56513982083
5.89815003934,5.41462906274
4.88498892335,5.4755772863
6.26833048437,5.56513982083
5.4396399645,5.71363264063
5.13130434783,5.03717472119
5.77079198381,5.10364729581
5.13130434783,5.03717472119
5.68533899716,5.3220769557
6.08772553433,5.43002788885
6.02773831957,5.761465545
4.58,5.0
4.58,5.0
5.69732721588,5.10967331222
6.39440089586,5.28976764969
4.58,5.0
5.97087893326,5.25505978543
6.26570975149,4.8800466223
5.13130434783,5.03717472119
4.58,5.0
5.13130434783,5.03717472119
5.13130434783,5.03717472119
3.89,6.2
5.13130434783,5.03717472119
6.26570975149,4.8800466223
5.27703209258,5.73684352216
3.89,6.2
4.58,5.0
6.26570975149,4.8800466223
4.58,5.0
6.02773831957,5.761465545
5.9580298731,5.41340305175
4.83708864175,6.05142153002
4.58,5.0
5.55094219771,5.27942220951
5.60184604307,5.19565536178
6.19747675508,5.45818943057
4.58,5.0
4.58,5.0
5.61996477909,5.27679530902
6.35,4.75
5.11053846154,5.40739549839
3.89,6.2
6.16882463829,5.70382032963
4.58,5.0
5.68533899716,5.3220769557
6.26570975149,4.8800466223
5.95,4.7
3.89,6.2
6.19747675508,5.45818943057
5.65205615954,5.75230882689
5.77803916415,5.16854873089
4.88498892335,5.4755772863
6.02582678389,4.99623331244
6.00901420604,5.50044683663
3.89,6.2
4.58,5.0
5.11053846154,5.40739549839
5.11053846154,5.40739549839
3.89,6.2
6.26570975149,4.8800466223
5.68533899716,5.3220769557
5.41334363147,5.73815690623
3.89,6.2
5.89815003934,5.41462906274
4.58,5.0
4.58,5.0
3.89,6.2
4.58,5.0
4.58,5.0
6.26570975149,4.8800466223
3.89,6.2
6.26570975149,4.8800466223
4.85232747849,5.82376085455
3.89,6.2
3.89,6.2
6.16882463829,5.70382032963
4.58,5.0
5.98479176355,5.15035638981
5.69732721588,5.10967331222
5.89815003934,5.41462906274
6.26833048437,5.56513982083
4.58,5.0
3.89,6.2
6.26833048437,5.56513982083
6.26833048437,5.56513982083
3.89,6.2
5.78870241131,5.19331090129
5.89815003934,5.41462906274
4.58,5.0
6.16882463829,5.70382032963
4.88498892335,5.4755772863
5.4396399645,5.71363264063
5.55094219771,5.27942220951
6.39440089586,5.28976764969
5.9580298731,5.41340305175
5.70660755596,5.29062564074
3.89,6.2
5.68533899716,5.3220769557
5.68533899716,5.3220769557
5.68533899716,5.3220769557
6.02773831957,5.761465545
5.4396399645,5.71363264063
4.58,5.0
6.39440089586,5.28976764969
4.58,5.0
4.88498892335,5.4755772863
3.89,6.2
4.86653201711,5.69368704635
6.21857246665,5.27444634083
5.69044790534,5.44531804116
6.06460899888,5.20780566462
5.01780717875,5.53488156631
4.88498892335,5.4755772863
6.02773831957,5.761465545
4.88498892335,5.4755772863
6.39440089586,5.28976764969
5.9580298731,5.41340305175
3.89,6.2
6.0959751778,5.29221255521
3.89,6.2
4.76718667227,6.4106401854
4.58,5.0
3.89,6.2
3.89,6.2
4.58,5.0
5.68533899716,5.3220769557
4.58,5.0
6.16882463829,5.70382032963
5.55094219771,5.27942220951
5.68533899716,5.3220769557
5.68533899716,5.3220769557
4.58,5.0
5.68533899716,5.3220769557
4.58,5.0
5.4396399645,5.71363264063
4.58,5.0
5.14795838004,5.80898094144
5.27703209258,5.73684352216
3.89,6.2
4.58,5.0
6.26833048437,5.56513982083
5.01780717875,5.53488156631
4.88498892335,5.4755772863
4.58,5.0
5.53661888671,5.1175627022
6.71593196546,4.47099262008
6.39440089586,5.28976764969
4.58,5.0
4.58,5.0
5.60184604307,5.19565536178
5.0124154933,5.51143709093
5.78870241131,5.19331090129
6.26833048437,5.56513982083
3.89,6.2
5.68533899716,5.3220769557
3.89,6.2
3.89,6.2
3.89,6.2
4.96804062167,5.35311444011
6.0959751778,5.29221255521
3.89,6.2
4.58,5.0
6.21857246665,5.27444634083
5.55094219771,5.27942220951
4.83708864175,6.05142153002
3.89,6.2
3.89,6.2
5.68857286734,5.35251319663
3.89,6.2
4.58,5.0
5.88122153797,5.00671167647
6.02773831957,5.761465545
3.89,6.2
5.68857286734,5.35251319663
6.02773831957,5.761465545
4.58,5.0
6.39440089586,5.28976764969
6.02773831957,5.761465545
5.68533899716,5.3220769557
5.4396399645,5.71363264063
5.65205615954,5.75230882689
4.88498892335,5.4755772863
5.66486795055,5.38299164056
6.02582678389,4.99623331244
6.26833048437,5.56513982083
4.58,5.0
4.58,5.0
3.5675,6.45278810409
5.41334363147,5.73815690623
6.16882463829,5.70382032963
6.02773831957,5.761465545
5.55094219771,5.27942220951
4.58,5.0
3.89,6.2
5.68857286734,5.35251319663
5.68533899716,5.3220769557
6.0959751778,5.29221255521
3.89,6.2
6.02773831957,5.761465545
5.97691303462,5.63172596145
4.86653201711,5.69368704635
5.68533899716,5.3220769557
3.89,6.2
3.89,6.2
3.89,6.2
4.88498892335,5.4755772863
5.4396399645,5.71363264063
4.58,5.0
3.5675,6.45278810409
4.58,5.0
5.68533899716,5.3220769557
5.41692307692,5.26265306122
5.19556413499,5.87289951346
6.63280479314,5.64095744237
5.41334363147,5.73815690623
4.58,5.0
4.58,5.0
3.89,6.2
4.76718667227,6.4106401854
6.08772553433,5.43002788885
6.0959751778,5.29221255521
5.01780717875,5.53488156631
4.36142899045,5.39928084965
4.58,5.0
3.92998150335,6.18001625794
4.58,5.0
3.89,6.2
6.26833048437,5.56513982083
5.9580298731,5.41340305175
4.58,5.0
4.88498892335,5.4755772863
3.89,6.2
4.88498892335,5.4755772863
5.69044790534,5.44531804116
4.58,5.0
5.80664670659,5.55267352185
5.49258816235,5.9052500423
6.26833048437,5.56513982083
5.68533899716,5.3220769557
5.69044790534,5.44531804116
5.41334363147,5.73815690623
5.41334363147,5.73815690623
6.10151249452,4.69974868452
3.89,6.2
5.4396399645,5.71363264063
6.21857246665,5.27444634083
6.08318724778,5.1149676834
5.68533899716,5.3220769557
5.41334363147,5.73815690623
5.68533899716,5.3220769557
4.58,5.0
4.97582082342,5.03093013835
3.89,6.2
6.16882463829,5.70382032963
4.58,5.0
6.02773831957,5.761465545
6.62972192319,5.67795010737
5.01780717875,5.53488156631
5.01780717875,5.53488156631
5.4396399645,5.71363264063
6.39440089586,5.28976764969
6.08772553433,5.43002788885
5.41334363147,5.73815690623
5.4396399645,5.71363264063
3.89,6.2
6.26833048437,5.56513982083
6.02773831957,5.761465545
4.88498892335,5.4755772863
6.26833048437,5.56513982083
6.26833048437,5.56513982083
3.89,6.2
6.02773831957,5.761465545
4.58,5.0
5.01780717875,5.53488156631
6.39440089586,5.28976764969
3.89,6.2
5.68533899716,5.3220769557
4.88498892335,5.4755772863
5.41334363147,5.73815690623
3.89,6.2
6.21857246665,5.27444634083
5.14063093431,5.23406934086
3.89,6.2
3.89,6.2
4.88498892335,5.4755772863
6.08772553433,5.43002788885
5.68533899716,5.3220769557
3.89,6.2
5.9580298731,5.41340305175
5.69044790534,5.44531804116
5.55094219771,5.27942220951
5.89815003934,5.41462906274
6.02773831957,5.761465545
4.88498892335,5.4755772863
3.89,6.2
6.26833048437,5.56513982083
6.08772553433,5.43002788885
5.52896457351,5.4882711549
4.58,5.0
5.77079198381,5.10364729581
6.36109104294,5.37005669895
5.61151315789,5.93956879943
5.55094219771,5.27942220951
5.68533899716,5.3220769557
4.58,5.0
3.89,6.2
3.89,6.2
4.96804062167,5.35311444011
4.58,5.0
6.12924422403,5.17363665395
3.89,6.2
6.75525291829,6.01625874126
5.41334363147,5.73815690623
5.38766070295,5.68989283419
5.68533899716,5.3220769557
5.18248446181,5.63798841735
4.31960193409,6.02248865147
5.68533899716,5.3220769557
3.89,6.2
5.50911113376,5.83734319678
4.58,5.0
5.68533899716,5.3220769557
3.89,6.2
3.89,6.2
3.89,6.2
6.21857246665,5.27444634083
3.89,6.2
4.58,5.0
5.41334363147,5.73815690623
4.58,5.0
3.89,6.2
4.88498892335,5.4755772863
3.89,6.2
6.39440089586,5.28976764969
6.0959751778,5.29221255521
4.58,5.0
6.02773831957,5.761465545
5.19556413499,5.87289951346
6.39440089586,5.28976764969
4.78706896552,5.54405144695
5.89815003934,5.41462906274
4.58,5.0
5.41334363147,5.73815690623
6.08772553433,5.43002788885
3.89,6.2
5.68533899716,5.3220769557
4.88498892335,5.4755772863
5.68533899716,5.3220769557
6.21857246665,5.27444634083
4.58,5.0
5.68533899716,5.3220769557
6.08153021564,5.13853071278
6.39440089586,5.28976764969
4.88498892335,5.4755772863
5.4396399645,5.71363264063
6.02773831957,5.761465545
4.83708864175,6.05142153002
4.83708864175,6.05142153002
5.68533899716,5.3220769557
5.27422454689,5.6330014303
3.89,6.2
5.01780717875,5.53488156631
4.58,5.0
5.41334363147,5.73815690623
4.88498892335,5.4755772863
6.02773831957,5.761465545
6.39440089586,5.28976764969
3.89,6.2
3.89,6.2
6.21857246665,5.27444634083
5.68533899716,5.3220769557
5.14795838004,5.80898094144
5.98187877907,4.98507690975
3.89,6.2
5.68533899716,5.3220769557
5.88122153797,5.00671167647
5.59235294118,5.12683298932
4.58,5.0
4.58,5.0
3.89,6.2
3.89,6.2
6.26833048437,5.56513982083
5.68533899716,5.3220769557
6.39440089586,5.28976764969
6.02773831957,5.761465545
5.69732721588,5.10967331222
5.7950058635,5.60593847339
4.58,5.0
5.4396399645,5.71363264063
4.58,5.0
3.89,6.2
3.89,6.2
4.88498892335,5.4755772863
5.99273858921,5.33203703704
3.89,6.2
6.02773831957,5.761465545
4.58,5.0
4.88498892335,5.4755772863
4.58,5.0
4.58,5.0
6.02773831957,5.761465545
5.4396399645,5.71363264063
6.02773831957,5.761465545
5.55094219771,5.27942220951
4.58,5.0
3.89,6.2
5.4396399645,5.71363264063
5.69044790534,5.44531804116
4.88498892335,5.4755772863
4.88498892335,5.4755772863
5.09253035861,5.45049225006
4.88498892335,5.4755772863
4.88498892335,5.4755772863
6.02773831957,5.761465545
4.58,5.0
5.41334363147,5.73815690623
3.89,6.2
3.89,6.2
3.89,6.2
6.02773831957,5.761465545
5.27422454689,5.6330014303
6.26833048437,5.56513982083
3.5675,6.45278810409
3.89,6.2
5.4396399645,5.71363264063
4.58,5.0
6.39440089586,5.28976764969
4.58,5.0
5.89815003934,5.41462906274
4.58,5.0
6.02773831957,5.761465545
6.25555555556,5.27283464567
5.68533899716,5.3220769557
6.39440089586,5.28976764969
4.58,5.0
3.89,6.2
4.58,5.0
5.68533899716,5.3220769557
4.86653201711,5.69368704635
6.02773831957,5.761465545
5.27422454689,5.6330014303
6.02773831957,5.761465545
6.21857246665,5.27444634083
6.02773831957,5.761465545
5.68533899716,5.3220769557
4.58,5.0
5.89815003934,5.41462906274
5.36544815853,5.1648630254
6.02773831957,5.761465545
5.37027329068,5.50955561205
5.4396399645,5.71363264063
6.02773831957,5.761465545
3.89,6.2
5.48325022676,5.46778658844
6.39440089586,5.28976764969
4.58,5.0
3.89,6.2
3.89,6.2
5.89815003934,5.41462906274
6.26833048437,5.56513982083
3.89,6.2
5.68533899716,5.3220769557
4.58,5.0
6.08772553433,5.43002788885
5.27422454689,5.6330014303
3.89,6.2
5.41334363147,5.73815690623
6.02773831957,5.761465545
6.26833048437,5.56513982083
5.89815003934,5.41462906274
5.87811059908,5.75929054054
5.68533899716,5.3220769557
5.68533899716,5.3220769557
5.68533899716,5.3220769557
3.89,6.2
5.55094219771,5.27942220951
4.58,5.0
6.39440089586,5.28976764969
6.21857246665,5.27444634083
4.58,5.0
4.58,5.0
5.27422454689,5.6330014303
5.68533899716,5.3220769557
4.58,5.0
6.26833048437,5.56513982083
4.58,5.0
6.25555555556,5.27283464567
5.68533899716,5.3220769557
5.99299046377,5.50806308307
4.58,5.0
5.41334363147,5.73815690623
6.03080808081,5.50474777448
6.02773831957,5.761465545
7.07282352941,5.0691283293
5.69044790534,5.44531804116
5.69044790534,5.44531804116
6.16882463829,5.70382032963
6.26833048437,5.56513982083
4.58,5.0
5.19556413499,5.87289951346
4.58,5.0
3.89,6.2
6.08318724778,5.1149676834
5.68533899716,5.3220769557
3.89,6.2
5.54640059805,5.23368117402
3.89,6.2
4.58,5.0
6.21857246665,5.27444634083
4.58,5.0
6.65661615745,5.17885151817
4.58,5.0
5.68533899716,5.3220769557
6.02773831957,5.761465545
4.58,5.0
5.89815003934,5.41462906274
3.89,6.2
3.89,6.2
5.68533899716,5.3220769557
4.58,5.0
5.77079198381,5.10364729581
6.39440089586,5.28976764969
6.26833048437,5.56513982083
4.58,5.0
5.77079198381,5.10364729581
5.55094219771,5.27942220951
4.58,5.0
6.02773831957,5.761465545
5.77079198381,5.10364729581
5.7641861678,5.54936141195
4.58,5.0
5.98187877907,4.98507690975
6.02773831957,5.761465545
3.89,6.2
5.68533899716,5.3220769557
3.89,6.2
4.58,5.0
4.78706896552,5.54405144695
6.26833048437,5.56513982083
6.39440089586,5.28976764969
6.02773831957,5.761465545
5.99299046377,5.50806308307
5.60184604307,5.19565536178
4.83708864175,6.05142153002
3.89,6.2
6.02773831957,5.761465545
6.18632723866,4.82535147871
6.23926536211,5.60115302486
4.58,5.0
6.26833048437,5.56513982083
6.39440089586,5.28976764969
3.89,6.2
5.76887788654,5.38907306179
3.89,6.2
6.26833048437,5.56513982083
4.58,5.0
5.8319774641,5.52444877878
5.8319774641,5.52444877878
5.68533899716,5.3220769557
6.39440089586,5.28976764969
5.54640059805,5.23368117402
5.04444444444,5.17492048483
6.26833048437,5.56513982083
5.55094219771,5.27942220951
4.58,5.0
5.98187877907,4.98507690975
3.89,6.2
6.02773831957,5.761465545
5.41334363147,5.73815690623
6.23926536211,5.60115302486
3.89,6.2
5.92057711553,5.4012956977
4.58,5.0
6.02688172043,5.26891891892
5.50911113376,5.83734319678
3.89,6.2
6.26833048437,5.56513982083
3.89,6.2
6.02688172043,5.26891891892
3.89,6.2
4.58,5.0
6.26833048437,5.56513982083
4.58,5.0
6.39440089586,5.28976764969
6.16882463829,5.70382032963
4.83708864175,6.05142153002
5.68533899716,5.3220769557
6.02773831957,5.761465545
3.89,6.2
4.78706896552,5.54405144695
6.02773831957,5.761465545
5.68533899716,5.3220769557
6.39440089586,5.28976764969
6.26833048437,5.56513982083
5.05907849449,5.51279325466
3.89,6.2
5.68533899716,5.3220769557
4.58,5.0
3.89,6.2
3.89,6.2
4.58,5.0
5.11317391327,5.03777228242
5.68533899716,5.3220769557
5.68533899716,5.3220769557
4.86653201711,5.69368704635
6.39440089586,5.28976764969
3.89,6.2
3.89,6.2
5.66935542325,5.14591817806
6.02773831957,5.761465545
5.4396399645,5.71363264063
6.26833048437,5.56513982083
6.01562264151,5.231875
6.39440089586,5.28976764969
6.26833048437,5.56513982083
5.45593220339,5.28828996283
6.02773831957,5.761465545
6.26833048437,5.56513982083
5.99299046377,5.50806308307
4.58,5.0
4.58,5.0
3.89,6.2
5.36775822722,5.3481523593
4.58,5.0
5.99299046377,5.50806308307
6.23926536211,5.60115302486
4.58,5.0
6.26833048437,5.56513982083
5.27422454689,5.6330014303
5.50911113376,5.83734319678
6.02773831957,5.761465545
6.39440089586,5.28976764969
6.02773831957,5.761465545
6.02688172043,5.26891891892
3.89,6.2
4.74773468172,5.57558714885
6.02773831957,5.761465545
4.58,5.0
3.89,6.2
6.26833048437,5.56513982083
6.8,6.1
6.08318724778,5.1149676834
4.66796228491,5.31471361701
4.58,5.0
6.26833048437,5.56513982083
6.09313157609,5.963356396
3.89,6.2
3.89,6.2
6.16882463829,5.70382032963
6.16882463829,5.70382032963
5.50911113376,5.83734319678
5.67700807489,5.82107099764
4.58,5.0
5.55094219771,5.27942220951
3.89,6.2
4.58,5.0
4.58,5.0
6.26833048437,5.56513982083
5.01780717875,5.53488156631
4.66796228491,5.31471361701
6.22200965573,5.47227917071
4.80110087471,5.47866783673
5.68533899716,5.3220769557
5.90760260489,5.9097603304
5.15859866912,5.09027491999
4.33438432539,5.98969072165
3.5675,6.45278810409
6.26833048437,5.56513982083
6.39440089586,5.28976764969
3.89,6.2
3.89,6.2
5.4396399645,5.71363264063
3.89,6.2
5.68533899716,5.3220769557
6.08772553433,5.43002788885
4.83708864175,6.05142153002
6.39440089586,5.28976764969
6.16882463829,5.70382032963
4.49260181398,5.73029904699
6.65661615745,5.17885151817
6.39440089586,5.28976764969
6.39440089586,5.28976764969
3.89,6.2
6.39440089586,5.28976764969
4.78706896552,5.54405144695
6.0,5.85
6.65661615745,5.17885151817
4.58,5.0
6.16882463829,5.70382032963
3.89,6.2
5.0510847596,5.28745142742
5.68533899716,5.3220769557
6.39440089586,5.28976764969
6.39440089586,5.28976764969
5.68533899716,5.3220769557
6.16882463829,5.70382032963
6.16882463829,5.70382032963
6.00901420604,5.50044683663
6.26833048437,5.56513982083
4.58,5.0
5.41334363147,5.73815690623
5.68533899716,5.3220769557
3.5675,6.45278810409
6.39440089586,5.28976764969
6.0959751778,5.29221255521
3.89,6.2
4.83708864175,6.05142153002
3.89,6.2
5.60184604307,5.19565536178
5.41334363147,5.73815690623
3.89,6.2
6.26833048437,5.56513982083
6.39440089586,5.28976764969
3.89,6.2
6.3486887164,5.50435060117
6.16882463829,5.70382032963
6.39440089586,5.28976764969
3.89,6.2
6.16882463829,5.70382032963
6.39440089586,5.28976764969
5.68533899716,5.3220769557
5.4396399645,5.71363264063
4.58,5.0
5.19556413499,5.87289951346
3.89,6.2
5.37294955098,5.07225316456
6.25555555556,5.27283464567
4.76718667227,6.4106401854
6.5,5.55
3.89,6.2
6.39440089586,5.28976764969
5.4396399645,5.71363264063
5.18248446181,5.63798841735
4.58,5.0
4.58,5.0
4.78706896552,5.54405144695
5.80664670659,5.55267352185
6.0959751778,5.29221255521
6.0959751778,5.29221255521
5.48325022676,5.46778658844
6.45802325581,5.26634487008
6.39440089586,5.28976764969
6.26833048437,5.56513982083
3.89,6.2
6.0959751778,5.29221255521
3.89,6.2
3.89,6.2
6.22200965573,5.47227917071
6.26833048437,5.56513982083
5.75504554451,5.41259886103
5.97691303462,5.63172596145
6.0959751778,5.29221255521
5.89815003934,5.41462906274
5.89815003934,5.41462906274
5.7,5.2
4.58,5.0
4.58,5.0
3.89,6.2
5.87811059908,5.75929054054
4.78706896552,5.54405144695
5.89815003934,5.41462906274
4.58,5.0
4.58,5.0
4.58,5.0
6.02688172043,5.26891891892
6.08772553433,5.43002788885
6.0959751778,5.29221255521
6.26833048437,5.56513982083
6.96924107143,5.7952173913
3.89,6.2
5.69044790534,5.44531804116
3.89,6.2
5.4396399645,5.71363264063
6.26833048437,5.56513982083
3.89,6.2
5.87811059908,5.75929054054
5.12635391413,5.67076707053
4.58,5.0
3.5675,6.45278810409
6.16882463829,5.70382032963
6.39440089586,5.28976764969
5.42222613157,5.12979771579
4.83708864175,6.05142153002
6.02688172043,5.26891891892
5.4396399645,5.71363264063
5.41544609328,5.53686230574
4.83708864175,6.05142153002
5.89815003934,5.41462906274
5.55094219771,5.27942220951
6.39440089586,5.28976764969
4.83708864175,6.05142153002
5.87811059908,5.75929054054
5.68533899716,5.3220769557
5.4396399645,5.71363264063
3.89,6.2
4.58,5.0
6.26833048437,5.56513982083
5.41334363147,5.73815690623
5.97691303462,5.63172596145
6.25555555556,5.27283464567
6.26833048437,5.56513982083
6.26833048437,5.56513982083
5.68533899716,5.3220769557
6.16882463829,5.70382032963
5.68533899716,5.3220769557
3.89,6.2
4.58,5.0
5.4396399645,5.71363264063
3.89,6.2
6.39440089586,5.28976764969
4.58,5.0
5.19601122702,5.62164997071
6.26833048437,5.56513982083
3.5675,6.45278810409
4.58,5.0
5.65205615954,5.75230882689
6.16882463829,5.70382032963
6.5,5.55
5.41334363147,5.73815690623
5.24495016284,5.64483952503
5.68533899716,5.3220769557
5.76887788654,5.38907306179
6.26833048437,5.56513982083
4.58,5.0
6.16882463829,5.70382032963
5.69044790534,5.44531804116
6.00901420604,5.50044683663
4.58,5.0
4.74773468172,5.57558714885
4.58,5.0
4.78706896552,5.54405144695
6.26294422953,5.50852272219
6.26294422953,5.50852272219
6.26833048437,5.56513982083
6.00901420604,5.50044683663
6.5,5.55
6.39440089586,5.28976764969
6.39440089586,5.28976764969
6.21857246665,5.27444634083
5.95,4.0
5.68533899716,5.3220769557
5.68533899716,5.3220769557
5.53047148806,5.21018574107
3.89,6.2
5.69044790534,5.44531804116
4.49260181398,5.73029904699
4.51708248898,6.35828063005
3.89,6.2
5.55094219771,5.27942220951
6.21857246665,5.27444634083
4.49260181398,5.73029904699
6.39440089586,5.28976764969
6.26833048437,5.56513982083
