0 1
2 3
4 5
6 7
8 9
10 11
10 12
13 14
15 16
17 18
19 20
21 22
23 24
25 26
27 28
29 29
30 31
32 33
34 35
36 37
38 39
40 40
41 42
43 43
43 43
44 45
46 47
48 49
50 51
52 53
54 55
56 56
57 58
57 58
59 60
61 62
63 64
65 65
66 67
68 69
68 70
68 70
71 72
73 47
74 75
76 76
76 76
76 76
76 76
76 76
76 76
76 76
76 76
77 47
78 79
80 81
82 83
84 83
85 86
87 88
89 89
90 91
92 93
94 94
94 94
94 94
95 96
97 98
99 100
101 102
101 102
103 104
105 105
106 20
106 107
106 108
106 109
106 110
35 35
111 112
113 114
115 115
115 115
115 115
115 115
115 115
115 115
116 116
116 116
117 117
118 119
120 121
120 1
122 123
124 125
124 126
127 128
129 130
131 132
131 133
134 135
136 136
136 136
137 123
138 123
139 140
141 141
141 141
142 142
143 144
145 146
147 148
149 149
150 64
150 64
151 151
152 153
154 155
156 157
158 159
160 161
162 163
164 164
165 166
167 168
169 170
171 172
171 173
174 175
176 176
176 176
177 178
179 47
180 181
182 183
172 171
184 123
185 186
187 53
188 189
190 191
192 193
194 194
194 194
195 196
197 197
198 123
199 200
201 202
203 123
204 205
206 206
206 206
206 206
207 64
208 208
209 209
210 210
210 210
210 210
211 211
211 211
211 211
211 211
212 212
213 60
214 214
215 216
217 218
219 123
220 221
222 223
224 224
225 225
225 225
225 225
225 225
225 225
225 225
225 225
225 225
225 225
225 225
225 225
225 225
225 225
225 225
225 225
225 225
226 227
228 229
230 231
232 233
234 235
236 81
237 237
237 237
237 237
237 237
237 237
237 237
238 239
240 241
242 242
242 243
244 244
245 20
246 247
248 249
248 250
251 252
253 254
255 256
257 258
259 260
259 261
259 261
259 260
259 260
259 260
259 260
259 260
259 260
259 260
259 260
259 260
259 260
259 260
259 260
259 260
259 260
259 260
259 262
263 264
263 64
265 266
267 267
267 267
267 267
267 267
268 269
270 86
271 271
272 273
274 275
276 277
278 279
280 281
282 283
284 284
284 284
285 285
286 287
288 289
290 290
291 291
292 292
293 81
294 294
294 294
294 294
294 294
294 294
294 294
294 294
294 294
294 294
294 294
295 296
297 298
299 299
300 300
300 300
301 301
302 303
304 305
306 307
308 309
310 311
312 312
312 312
312 312
312 312
313 314
315 316
317 318
319 319
320 137
321 322
321 323
324 324
324 324
325 325
325 325
326 326
327 327
328 329
330 330
331 332
333 333
334 335
336 337
338 339
340 341
342 343
344 47
345 346
347 347
348 349
350 351
352 353
354 355
356 357
358 359
360 361
362 362
363 364
365 365
366 367
368 369
370 64
370 64
370 64
370 64
370 64
370 64
370 64
370 64
370 64
370 64
370 64
370 64
370 64
370 64
370 64
370 64
371 372
373 373
374 374
374 375
374 375
374 374
376 376
377 378
379 380
381 157
381 382
381 383
384 385
386 387
266 265
388 388
389 390
391 391
392 393
394 394
395 123
396 397
398 399
400 401
402 403
404 405
406 407
408 409
410 410
411 296
412 412
412 412
413 414
413 415
416 417
418 186
419 420
421 422
423 423
424 425
426 427
428 429
430 431
432 433
432 433
432 434
432 435
432 1
436 242
437 437
438 439
440 123
441 67
442 443
442 443
442 443
444 445
446 446
447 448
449 449
450 451
452 452
452 452
453 454
455 456
457 458
457 459
457 459
457 254
457 460
457 461
457 462
463 464
465 1
466 53
467 468
469 155
470 470
471 296
472 473
474 475
476 476
477 477
478 479
480 480
480 481
482 483
484 123
484 485
486 487
488 489
490 491
492 493
494 495
494 496
497 498
499 500
501 123
502 503
504 505
506 507
508 509
510 511
512 513
514 514
173 171
515 516
517 518
519 53
520 72
521 522
523 524
525 526
527 170
528 528
529 530
531 64
532 532
533 60
534 535
536 5
537 538
539 540
541 542
543 86
544 544
544 544
545 545
546 547
548 549
548 550
551 60
485 485
552 552
553 554
555 556
557 329
558 558
559 560
561 562
563 564
565 566
567 567
568 569
570 266
571 572
573 574
575 575
576 577
578 64
579 580
581 582
583 583
584 123
585 585
586 586
587 587
588 588
589 590
589 591
592 593
594 595
596 596
596 597
596 597
598 599
600 601
602 602
602 602
603 604
605 605
606 607
608 608
609 610
611 612
613 614
615 615
615 615
616 617
618 618
619 619
620 621
622 622
623 624
625 329
626 626
626 626
626 626
627 628
629 630
631 47
632 633
634 634
635 636
637 638
639 640
641 642
643 644
643 644
645 646
647 648
647 648
649 186
650 650
650 650
650 650
650 650
651 651
652 653
654 655
656 20
657 658
659 47
660 564
661 662
663 47
664 664
665 666
667 668
669 670
671 672
671 673
674 674
675 676
677 677
677 677
678 678
678 678
679 680
681 682
683 684
685 685
686 687
686 688
689 173
690 691
692 693
692 693
692 694
692 694
695 332
696 696
697 289
698 100
699 700
701 702
703 704
705 706
707 37
708 709
710 710
710 710
710 710
710 710
710 710
711 711
712 713
714 715
716 716
717 718
719 719
720 720
720 720
720 720
720 720
721 722
