0 1
2 3
10 1
11 1
12 1
13 14
15 1
16 17
18 19
20 21
25 17
26 27
28 29
28 29
28 30
31 1
32 33
34 1
35 1
36 37
38 39
40 3
41 37
46 3
53 54
57 58
59 60
65 3
66 1
67 19
68 69
70 1
73 3
74 60
75 76
77 54
78 58
85 3
86 1
89 1
92 54
100 17
101 102
106 107
110 21
111 21
112 1
115 14
116 117
118 107
121 1
122 60
125 1
132 17
133 1
134 37
139 140
141 1
143 1
144 1
145 1
150 1
151 17
152 1
153 107
156 54
159 1
160 54
160 1
161 3
162 1
165 1
166 1
167 3
170 37
171 172
175 60
176 17
177 178
188 189
190 21
192 1
195 117
196 1
197 3
198 1
199 1
202 60
203 3
204 1
205 206
207 1
212 1
213 1
214 1
217 1
217 1
218 3
219 60
221 3
226 107
227 17
230 3
231 232
233 60
239 1
240 1
241 21
244 1
245 17
246 1
251 1
253 3
254 58
261 1
268 269
270 69
271 17
272 1
277 278
277 19
279 280
281 17
282 283
284 285
286 1
287 14
288 269
289 117
290 1
291 21
294 21
295 1
296 3
297 54
298 1
299 58
306 307
308 1
309 37
310 311
312 21
313 3
314 315
322 17
327 328
329 189
337 117
338 1
339 1
340 1
340 37
341 1
342 1
343 1
344 1
345 346
347 60
349 60
354 1
357 17
359 58
364 280
365 1
366 283
369 307
369 269
375 189
376 60
377 54
378 3
379 117
380 1
381 58
382 60
387 311
390 178
393 394
396 315
399 311
400 102
409 311
412 60
413 1
415 1
416 417
420 269
421 107
424 283
425 60
426 1
427 17
428 3
431 1
434 3
435 60
436 3
440 60
442 1
451 1
452 117
454 107
456 60
457 1
459 460
459 1
461 17
462 60
463 17
464 285
465 307
467 37
468 1
470 1
478 479
486 487
488 21
490 479
492 3
494 495
498 1
499 328
500 107
500 107
501 346
502 3
505 206
508 311
509 1
510 280
510 189
511 512
513 76
514 3
515 3
515 516
517 60
518 14
519 1
521 346
522 17
522 17
523 107
531 1
532 1
533 17
534 1
536 1
539 1
540 17
541 107
545 1
546 547
548 37
553 58
557 269
558 1
559 58
560 60
561 21
562 54
562 1
565 3
568 1
571 1
578 479
579 17
580 107
581 1
582 1
583 269
584 487
584 585
586 17
587 1
587 3
591 1
595 495
596 60
598 328
601 1
602 27
603 60
604 605
604 606
610 21
611 107
614 1
617 60
618 328
623 1
624 39
627 3
628 60
629 60
632 1
644 60
645 21
646 311
647 3
650 21
651 652
651 653
654 417
655 17
656 307
664 1
665 280
667 107
668 107
674 460
687 495
687 54
693 1
696 1
700 3
715 280
717 17
718 17
719 3
720 479
721 14
722 21
726 495
727 37
728 3
731 14
732 107
735 736
735 1
737 17
740 1
741 1
741 19
742 1
743 17
749 1
751 1
754 1
755 60
756 1
758 1
759 1
760 1
762 1
765 1
766 3
767 1
768 1
772 58
772 189
773 102
774 775
778 1
779 495
780 17
781 307
782 1
783 784
788 1
789 1
790 17
795 140
795 796
800 14
804 417
804 232
805 39
805 512
808 107
810 14
811 58
827 60
828 107
830 1
833 27
834 1
835 58
836 1
837 17
839 1
840 479
841 842
841 37
841 54
841 1
843 58
849 850
849 1
857 107
859 60
863 58
864 117
865 107
866 17
867 1
868 54
869 14
870 280
870 280
875 54
876 60
877 842
877 346
882 60
883 14
886 346
887 189
891 37
894 3
895 107
897 1
899 60
905 21
906 1
907 269
909 54
910 178
915 54
916 58
919 107
926 927
926 1
928 17
929 1
930 17
933 189
940 283
943 14
944 1
948 1
949 3
950 1
952 37
953 1
954 1
955 3
956 3
959 3
960 1
963 1
964 1
965 1
966 1
970 1
979 17
980 1
981 14
982 3
983 269
985 102
986 3
987 178
989 37
990 37
991 992
991 495
991 993
991 994
991 516
991 995
991 995
991 996
991 997
991 117
991 998
999 1
1000 512
1001 21
1002 1
1003 14
1004 17
1005 1
1006 21
1007 17
1008 1
1014 1
1016 17
1017 17
1018 1
1021 60
1022 1
1023 54
1026 1
1027 311
1030 1
1031 269
1032 315
1033 58
1048 14
1049 3
1050 652
1050 653
1051 3
1053 1
1054 1
1055 1
1056 585
1058 1
1062 58
1064 3
1065 60
1069 285
1077 1
1078 1
1079 311
1082 17
1083 1
1084 27
1087 117
1089 60
1091 37
1093 1
1095 17
1097 3
1098 14
1100 3
1101 60
1104 107
1108 3
1113 21
1114 1
1114 1
1115 17
1116 1
1120 189
1122 280
1123 117
1124 39
1128 3
1131 17
1133 1
1134 1
1136 107
1140 58
1141 1
1142 3
1143 1
1144 54
1145 117
1146 3
1147 117
1148 60
1151 60
1152 14
1153 178
1156 311
1159 107
1162 1
1164 269
1165 3
1166 33
1168 842
1169 60
1171 1
1172 17
1178 1
1179 117
1183 1
1184 17
1188 1
1189 1
1190 17
1192 346
1192 796
1192 842
1195 14
1196 54
1197 54
1198 3
1199 60
1200 14
1201 495
1205 60
1205 60
1206 58
1208 1
1209 17
1214 17
1216 17
1217 1
1218 3
1219 1
1220 1
1221 1222
1223 3
1225 1
1226 27
1227 60
1231 107
1232 107
1234 417
1238 69
1239 17
1240 17
1241 17
1242 1
1243 189
1245 60
1246 1247
1248 14
1250 3
1252 3
1253 107
1254 3
1255 1
1257 280
1258 311
1259 1
1259 54
1259 54
1260 3
1263 172
1267 54
1268 39
1269 1
1272 58
1275 19
1276 107
1283 3
1284 315
1286 1
1288 1
1289 60
1289 60
1291 3
1293 311
1295 3
1296 1
1297 1
1298 1
1300 117
1301 60
1302 60
1303 17
1304 1
1308 285
1309 54
1316 3
1319 605
1319 1
1320 60
1321 784
1324 58
1325 3
1328 3
1335 60
1336 107
1337 21
1338 1
1339 117
1340 495
1341 107
1342 1
1343 102
1344 1
1345 487
1346 21
1347 60
1350 1
1352 1
1355 17
1356 328
1362 17
1363 495
1364 3
1367 3
1372 3
1373 107
1374 17
1375 1
1377 1
1378 14
1379 60
1380 58
1382 37
1390 60
1395 1
1396 17
1398 1
1400 17
1401 1
1402 315
1403 107
1404 14
1406 107
1407 1
1410 117
1411 1
1412 1
1416 1
1419 14
1420 1
1422 1
1423 19
1424 54
1427 117
1430 3
1431 269
1438 1
1439 3
1446 1
1447 417
1448 1
1449 512
1449 19
1456 27
1457 3
1458 1
1459 3
1462 14
1464 346
1466 107
1473 60
1474 1
1475 495
1478 54
1479 283
1484 1
1487 653
1490 14
1493 58
1493 1222
1493 178
1494 1
1495 21
1498 17
1500 328
1501 102
1504 3
1507 1
1508 487
1509 54
1510 189
1511 39
1512 495
1513 21
1514 76
1515 280
1516 1
1517 1
1519 60
1520 1
1526 346
1529 1
1530 3
1531 1
1532 21
1532 1533
1534 60
1535 1
1537 60
1543 1
1544 27
1545 54
1546 60
1546 60
1547 58
1548 1
1549 37
1550 60
1551 1
1553 1
1554 3
1557 1
1558 60
1565 1
1566 60
1567 17
1569 1247
1570 14
1571 17
1576 1
1577 58
1581 1582
1583 1
1584 58
1585 107
1586 417
1587 117
1589 21
1593 346
1599 3
1601 1
1603 1
1605 1
1607 1
1611 17
1612 27
1614 307
1614 206
1615 178
1616 1
1617 1
1618 1
1620 1
1621 1
1623 1
1624 280
1625 102
1626 14
1628 1
1629 1
1632 1
1633 1
1636 479
1638 417
1639 1
1641 17
1642 60
1643 14
1646 1
1647 1
1650 3
1651 1
1654 1
1656 269
1657 1
1658 17
1659 1
1661 1
1663 311
1664 3
1665 189
1679 117
1680 1
1681 1
1685 927
1696 1
1697 842
1703 1
1704 54
1705 1
1706 1
1708 60
1708 60
1711 1
1712 1
1716 285
1722 269
1725 3
1727 60
1731 14
1732 1
1733 60
1734 60
1741 1
1742 1
1743 1
1744 107
1747 1
1749 14
1750 1
1752 495
1755 1
1756 3
1757 346
1761 1
1762 3
1765 102
1765 102
1766 1
1767 547
1770 285
1771 107
1775 1
1779 3
1780 775
1783 512
1786 14
1789 1
1793 3
1794 1
1798 1
1801 285
1810 3
1811 58
1812 1
1813 1533
1818 27
1820 14
1821 1247
1822 117
1823 1
1824 3
1828 17
1835 60
1836 3
1838 54
1845 796
1846 102
1851 117
1852 1
1853 998
1854 1
1855 1
1857 1
1862 60
1863 1
1869 1
1870 60
1875 17
1887 60
1888 3
1889 280
1890 17
1894 307
1897 346
1905 14
1906 107
1908 1
1912 1
1913 21
1914 1
1915 1
1919 3
1920 189
1920 27
1925 1
1926 1
1929 60
1930 39
1931 60
1932 1
1933 3
1934 1
1935 1
1936 1
1937 547
1937 117
1938 796
1939 54
1940 1
1943 1
1945 17
1948 1
1949 652
1949 653
1950 58
1952 1
1953 1
1955 37
1956 58
1957 14
1958 1
1959 283
1960 60
1961 1
1962 1
1963 1
1968 14
1971 1
1972 1
1972 1
1975 1
1978 54
1979 107
1982 178
1983 1
1984 479
1985 60
1988 27
1989 54
1993 102
1996 1
1998 269
1999 17
2001 14
2003 1
2004 60
2006 1
2008 60
2010 60
2011 1
2012 21
2015 60
2019 1
2020 1
2021 17
2022 1
2023 232
2025 17
2030 117
2031 3
2034 37
2035 60
2036 1
2038 516
2039 653
2039 652
2040 1
2044 1
2049 60
2050 60
2059 3
2062 117
2063 1
2066 3
2067 58
2068 1582
2068 1582
2069 117
2070 1
2071 1
2075 14
2076 37
2077 140
2077 796
2077 842
2078 58
2079 3
2080 285
2084 60
2085 1
2089 1
2093 1
2094 269
2095 606
2098 1
2099 283
2105 1
2109 1
2110 3
2116 1
2117 1
2120 60
2123 1
2124 14
2125 58
2126 17
2129 1
2131 37
2132 1
2133 107
2134 516
2139 512
2139 315
2140 107
2144 285
2145 283
2146 1
2147 3
2148 58
2149 54
2151 17
2152 58
2153 60
2157 14
2159 269
2161 1
2162 328
2162 269
2163 516
2166 117
2167 107
2167 107
2169 3
2170 58
2171 27
2171 27
2172 1
2174 307
2174 328
2175 1
2181 14
2182 479
2183 1
2184 842
2185 60
2187 17
2191 1
2192 1
2193 315
2194 21
2195 1
2198 285
2198 285
2199 993
2200 60
2201 17
2202 311
2203 1
2206 17
2211 178
2212 3
2213 1
2214 117
2215 1
2218 1
2219 178
2223 1
2224 14
2224 14
2226 285
2226 2227
2226 605
2228 60
2229 285
2232 1
2235 512
2236 1
2237 14
2242 1
2250 495
2254 311
2258 1
2258 1
2260 117
2261 17
2265 1
2266 1
2267 58
2269 1
2272 1
2275 1
2276 189
2277 54
2279 3
2280 189
2281 1
2282 3
2285 1
2287 60
2289 1
2294 1
2296 1
2297 54
2301 17
2302 37
2304 21
2306 107
2312 17
2314 54
2315 60
2316 1
2319 1
2320 107
2322 1
2323 285
2325 1
2326 54
2327 107
2329 1
2331 21
2333 1
2334 1
2340 3
2343 58
2346 58
2347 14
2350 417
2353 140
2357 21
2358 495
2361 14
2362 1
2363 1
2366 1
2368 796
2368 346
2368 842
2371 1
2372 3
2373 17
2378 3
2379 1
2386 1
2393 107
2396 14
2399 39
2404 1
2407 3
2408 60
2409 1
2413 512
2416 653
2417 140
2418 1
2419 311
2420 102
2423 3
2427 107
2428 606
2428 1
2432 311
2433 19
2436 269
2437 1
2445 850
2446 1
2447 1
2448 60
2454 1
2457 1
2461 189
2465 1
2467 107
2468 1
2469 1
2472 60
2476 76
2476 2477
2476 606
2480 784
2481 1
2482 39
2482 1
2483 3
2484 60
2485 1
2486 60
2487 3
2492 58
2493 17
2494 3
2495 21
2500 3
2507 3
2511 17
2511 17
2513 280
2515 60
2517 1
2520 280
2524 54
2528 60
2534 269
2535 178
2536 33
2540 232
2541 3
2546 14
2547 1
2549 1
2555 17
2556 1
2560 479
2561 60
2562 1
2565 58
2566 495
2567 1
2568 3
2571 417
2575 280
2576 1
2577 3
2578 1
2579 1
2580 107
2581 1
2582 27
2583 1
2584 54
2586 1
2593 1
2595 19
2602 3
2604 189
2605 60
2606 1
2607 54
2608 21
2611 21
2612 1
2613 3
2614 3
2615 3
2618 796
2618 269
2619 140
2621 17
2622 1
2623 60
2625 14
2627 17
2629 19
2630 14
2631 1
2637 512
2640 3
2642 495
2643 1
2644 107
2645 605
2646 60
2647 1
2649 60
2650 285
2652 21
2653 1
2654 1
2655 1
2656 1
2658 3
2659 1
2662 1
2664 1
2665 107
2666 3
2674 775
2678 3
2680 1
2682 54
2684 21
2685 206
2686 117
2687 17
2688 17
2691 117
2692 17
2694 117
2695 60
2697 1
2698 60
2700 3
2701 311
2702 1
2707 3
2709 54
2710 285
2711 189
2712 58
2715 3
2716 14
2717 1
2720 394
2721 54
2723 107
2724 283
2730 1
2731 54
2732 311
2733 60
2737 1
2738 1
2739 1
2742 269
2749 307
2750 796
2750 1
2751 394
2751 307
2754 3
2755 21
2758 3
2759 1
2761 60
2764 102
2765 1
2767 1
2768 1
2773 3
2775 1
2776 1
2779 107
2780 3
2781 17
2782 60
2784 58
2785 17
2786 1582
2787 17
2788 346
2789 60
2791 346
2793 328
2794 189
2796 17
2801 1
2802 1
2802 1
2803 1
2804 1
2805 1
2808 1
2808 2477
2809 107
2810 1
2812 1
2815 1
2816 58
2819 1
2820 21
2822 107
2823 3
2824 3
2825 1
2827 1
2828 1
2829 1
2832 1
2836 3
2838 60
2843 14
2844 1
2848 1
2849 60
2851 54
2860 17
2861 1247
2862 1
2863 17
2866 1
2867 60
2871 512
2875 189
2876 1
2878 1
2880 60
2886 33
2887 1
2891 107
2893 189
2893 280
2897 315
2899 1
2902 60
2903 1
2913 1
2914 1
2917 69
2921 1
2925 60
2927 60
2934 17
2938 54
2939 3
2941 1
2942 479
2945 3
2947 107
2948 516
2957 1582
2961 3
2962 60
2963 17
2966 1
2968 189
2969 21
2970 1
2974 21
2978 842
2978 796
2978 37
2979 1
2982 311
2982 14
2984 2985
2989 17
2992 311
2996 58
2997 17
3003 17
3004 1
3006 3
3007 3
3007 3008
3007 117
3007 172
3011 107
3012 107
3014 1
3015 1
3016 1
3018 60
3019 1
3020 3
3021 60
3022 21
3024 58
3027 1
3028 58
3032 311
3033 17
3035 58
3036 1
3037 1
3039 60
3040 1
3043 1
3045 60
3049 60
3050 107
3051 311
3054 60
3056 1
3057 1
3059 1
3060 17
3061 516
3064 107
3069 606
3070 1
3072 3
3078 206
3079 1
3082 1
3083 60
3084 1
3086 117
3090 21
3094 60
3095 17
3096 1
3097 1
3098 394
3100 1
3106 37
3107 3
3108 1
3109 1
3110 1
3112 21
3115 2477
3116 107
3117 796
3122 1
3123 54
3124 307
3127 784
3128 58
3131 487
3132 1
3133 479
3134 1
3135 1
3136 60
3137 1
3138 60
3145 30
3152 1582
3155 189
3156 27
3157 60
3159 1
3163 60
3165 307
3165 269
3169 1
3169 1
3171 796
3171 1
3175 107
3177 58
3178 1
3180 1
3180 54
3183 1
3184 1
3186 58
3189 1
3190 3
3191 102
3192 21
3192 140
3193 107
3197 54
3198 189
3201 1
3202 189
3203 102
3209 285
3211 1
3220 1
3221 1
3222 311
3225 3
3229 17
3230 17
3231 21
3237 1
3238 17
3239 178
3240 206
3251 1
3252 27
3252 189
3254 17
3255 328
3256 1
3263 21
3264 1
3267 21
3269 346
3272 1
3276 1
3278 17
3279 1
3283 1
3284 1
3285 1
3293 1
3297 107
3298 285
3299 189
3299 775
3300 60
3301 60
3302 60
3305 27
3309 394
3310 1
3311 1
3312 1
3320 1
3323 14
3324 3
3327 3328
3327 3328
3331 17
3332 328
3337 58
3339 107
3342 17
3343 189
3344 60
3345 58
3353 1
3354 3
3357 3
3361 17
3362 117
3364 328
3365 60
3368 21
3369 1
3373 307
3374 269
3382 1247
3383 189
3385 1
3387 14
3390 3
3391 1
3392 1
3393 1
3396 17
3401 283
3402 107
3403 3
3404 311
3409 21
3410 17
3412 17
3413 60
3423 178
3424 487
3425 585
3426 1
3429 479
3430 117
3432 102
3434 60
3436 315
3439 512
3441 1
3442 1
3443 1
3444 17
3448 1
3452 1
3453 3
3455 1
3456 311
3457 3
3459 487
3460 54
3467 1
3468 60
3470 21
3471 1
3472 1
3473 1
3474 479
3475 495
3477 1
3478 54
3480 1
3482 60
3483 1
3484 37
3485 1
3488 278
3491 17
3492 1
3493 3
3494 17
3496 1
3497 3
3498 3
3501 269
3508 54
3509 39
3510 653
3510 652
3512 417
3518 1
3520 1
3521 1
3523 1
3524 512
3527 37
3528 21
3536 14
3540 269
3545 307
3545 269
3546 1
3548 311
3549 1
3550 1
3551 3
3552 1
3555 60
3556 54
3560 17
3561 311
3563 605
3568 189
3571 14
3572 1
3573 547
3575 1
3576 3
3577 3
3577 3578
3579 3
3580 21
3580 269
3583 3
3584 60
3593 1
3594 495
3595 1
3596 117
3600 3
3601 285
3601 3602
3601 3328
3603 1
3609 14
3610 1
3612 14
3613 3
3615 311
3616 14
3617 189
3619 140
3620 1
3621 1
3622 189
3623 102
3624 14
3627 280
3628 1
3629 58
3630 14
3631 1
3632 58
3636 1
3637 60
3638 14
3639 206
3641 311
3645 14
3646 3
3648 3
3649 60
3652 1
3654 60
3657 107
3659 17
3661 60
3662 102
3665 1
3668 107
3669 1
3671 1
3672 1
3673 107
3674 17
3675 3
3676 3
3679 280
3680 1
3684 1
3685 1
3691 17
3694 1
3695 1
3696 1
3697 1
3697 3698
3699 27
3700 315
3703 784
3704 1
3710 1
3714 1
3715 3
3716 107
3717 60
3718 1
3719 17
3720 107
3723 311
3724 1
3725 1
3728 3
3729 1
3730 58
3744 775
3745 1
3746 1
3747 512
3748 14
3751 21
3752 21
3755 1
3756 1582
3757 280
3758 107
3759 1
3761 1
3762 14
3763 1
3764 60
3766 1
3768 1
3769 417
3777 60
3779 60
3782 1
3783 60
3785 1247
3786 1
3787 3
3790 487
3791 21
3793 232
3794 60
3797 21
3800 21
3802 479
3803 1
3804 1
3805 17
3806 1
3807 37
3808 107
3809 17
3810 1247
3815 107
3816 60
3817 1
3818 784
3821 102
3822 1
3823 1
3824 311
3827 3
3830 328
3831 1
3832 60
3833 1
3835 1
3837 189
3838 1
3839 1
3840 1533
3841 653
3844 14
3845 1582
3848 54
3850 54
3853 19
3854 17
3855 60
3858 1
3860 495
3861 1
3866 3
3867 1
3868 60
3869 189
3870 54
3874 1
3875 3
3876 3578
3877 1
3879 1
3880 107
3882 58
3884 60
3885 17
3888 60
3889 1
3890 1
3891 1
3892 328
3893 27
3894 17
3898 189
3901 1
3904 3
3904 2227
3904 232
3907 14
3907 14
3910 54
3910 1
3911 997
3912 21
3913 479
3913 3
3914 1
3915 14
3916 3
3917 14
3918 3
3919 189
3920 27
3922 512
3923 14
3924 39
3925 1
3926 54
3928 3
3931 1
3933 117
3934 1
3935 102
3936 1
3937 58
3939 784
3940 1
3941 487
3942 1
3944 311
3945 1
3947 307
3947 997
3947 653
3947 998
3947 30
3947 29
3947 69
3947 479
3947 3
3947 1247
3947 283
3947 60
3950 189
3951 232
3951 512
3952 512
3953 1
3957 21
3960 311
3962 3
3963 17
3965 1
3966 1
3967 1
3968 21
3973 1
3975 54
3976 60
3977 1
3981 736
3983 1
3984 189
3985 21
3988 1
3989 107
3991 1
3992 3
3994 60
3996 17
3997 1
3998 58
3999 54
4001 14
4003 3
4004 1
4006 19
4007 107
4008 14
4009 60
4012 285
4013 1
4019 1
4021 4022
4021 394
4023 178
4024 311
4028 3
4031 17
4032 315
4033 107
4034 269
4038 189
4039 1
4042 311
4042 14
4043 1
4044 280
4045 1
4047 60
4049 60
4050 3
4056 3
4057 1
4058 479
4059 54
4059 1
4059 927
4063 21
4064 269
4065 102
4066 1
4067 60
4068 1
4069 54
4071 283
4072 495
4075 107
4076 512
4077 17
4081 60
4084 107
4085 58
4088 1
4089 60
4090 117
4092 107
4093 17
4094 1
4098 283
4101 4102
4101 1
4103 1
4104 328
4106 17
4107 842
4108 17
4122 117
4126 178
4127 1
4128 784
4129 37
4130 21
4131 1
4133 17
4135 307
4136 58
4137 1
4138 140
4141 206
4142 3
4146 1
4148 1
4150 1
4151 4152
4151 285
4151 4153
4154 1
4155 232
4161 4162
4161 796
4164 107
4168 1
4172 1
4174 269
4175 58
4176 2477
4176 54
4176 605
4176 4177
4178 3
4180 17
4182 58
4184 117
4185 3
4188 3
4191 102
4193 3
4194 54
4195 4196
4195 784
4198 3
4203 1
4204 3
4208 1
4211 3
4212 1
4213 3
4214 307
4215 796
4215 1
4216 996
4217 54
4221 58
4222 3
4223 21
4228 3
4229 495
4230 1582
4231 60
4236 60
4239 14
4240 107
4241 58
4242 269
4243 512
4244 17
4249 307
4250 232
4252 54
4256 1
4257 1
4262 54
4265 585
4270 311
4272 17
4273 21
4275 54
4276 14
4277 285
4280 60
4282 60
4283 102
4284 17
4285 14
4289 516
4290 1
4291 54
4292 1
4294 1
4295 17
4296 17
4301 3
4304 60
4306 479
4307 21
4308 3
4310 3
4311 107
4314 1
4315 1
4317 1
4320 1
4321 3
4324 1
4326 54
4327 4328
4327 328
4330 117
4333 19
4336 311
4337 58
4340 1
4341 346
4341 842
4341 307
4342 1
4343 3
4344 1
4345 60
4347 3328
4350 58
4354 102
4355 1
4357 311
4358 60
4361 1
4362 311
4363 107
4364 1
4365 1
4366 60
4369 60
4371 1
4372 37
4373 605
4374 1
4375 60
4377 107
4380 285
4381 21
4383 1
4384 1
4387 60
4389 1
4390 54
4396 3
4397 107
4398 27
4398 189
4399 17
4400 1
4401 1
4405 269
4406 3
4407 1
4408 269
4411 1582
4411 37
4412 17
4413 1
4415 1
4417 60
4418 14
4422 1
4434 107
4435 1
4437 58
4438 1
4439 495
4440 3
4441 17
4441 1
4442 17
4443 1
4445 1
4447 1
4448 27
4449 60
4450 1
4452 328
4456 479
4457 107
4458 285
4459 60
4465 14
4466 280
4467 54
4471 1
4473 60
4474 17
4475 3
4476 60
4477 17
4479 1
4480 1
4481 1
4482 1
4488 1
4489 14
4492 307
4494 784
4495 1
4497 269
4498 278
4501 1
4502 54
4505 17
4507 283
4512 605
4513 1
4514 17
4515 189
4516 60
4519 1
4520 1
4521 1
4522 1
4523 17
4527 14
4528 3
4529 17
4530 117
4533 307
4534 1
4536 3
4538 60
4539 60
4540 1
4541 269
4542 842
4546 1
4549 3
4550 1
4550 460
4552 285
4555 1
4556 21
4558 1
4559 3
4561 19
4562 178
4563 14
4564 307
4565 1
4567 17
4568 547
4568 495
4568 307
4568 60
4569 14
4570 479
4571 60
4573 117
4574 1
4580 189
4581 17
4586 1
4587 54
4588 3
4588 3
4589 1
4592 307
4594 1
4597 60
4599 516
4600 1
4601 17
4602 311
4603 280
4604 1
4605 328
4606 1
4607 842
4608 512
4609 417
4610 1
4612 1
4613 1
4614 1
4616 1
4617 60
4619 60
4621 39
4623 3
4624 14
4625 311
4626 547
4627 107
4629 3
4630 17
4631 1
4632 1
4633 328
4636 1
4639 1
4654 1
4655 346
4656 3
4658 17
4660 996
4661 107
4662 37
4663 27
4664 60
4666 117
4670 1
4672 14
4673 21
4676 1
4678 3
4682 3
4685 516
4689 1
4690 1
4697 60
4698 3
4699 307
4702 479
4703 3
4704 14
4706 60
4707 1
4708 21
4709 17
4710 60
4711 21
4712 3
4713 107
4714 189
4715 1
4716 1
4717 17
4719 60
4723 307
4728 1
4729 1
4732 1
4733 60
4735 54
4736 21
4737 60
4742 60
4743 1
4744 1
4747 1
4751 1
4752 1
4754 512
4756 107
4757 17
4758 60
4759 1
4762 328
4765 1
4768 1
4769 58
4770 14
4771 1
4772 1
4775 3
4778 1
4779 60
4781 189
4782 60
4785 1
4786 1
4788 280
4791 512
4795 60
4796 107
4797 189
4798 60
4800 3
4801 54
4802 107
4803 1
4804 1
4805 107
4807 1
4813 311
4814 1
4818 1
4819 1
4824 54
4826 1
4827 58
4828 17
4829 17
4830 107
4831 27
4832 269
4833 512
4834 1
4836 189
4837 1
4838 269
4839 107
4840 117
4841 107
4843 17
4849 58
4851 280
4852 54
4853 102
4857 328
4858 3
4860 1
4863 3
4864 1
4865 54
4866 1
4867 311
4868 280
4874 17
4878 58
4879 1
4880 1
4882 1
4883 1
4885 1
4886 107
4887 19
4887 1
4889 17
4893 652
4894 189
4896 653
4897 1
4898 107
4902 269
4903 1582
4905 1
4906 606
4909 417
4915 1
4918 3
4919 1
4920 3
4921 60
4922 1
4925 60
4926 17
4927 1
4928 1
4930 17
4933 3
4934 107
4935 3
4936 1
4937 60
4943 3
4946 311
4954 60
4955 1
4957 107
4959 60
4960 1
4961 58
4962 14
4963 17
4966 512
4969 1
4974 117
4974 232
4975 117
4976 652
4976 653
4978 37
4982 60
4985 269
4987 1
4988 784
4989 487
4992 1
4994 1
4995 54
4997 107
4999 3
5000 1
5004 206
5005 1
5006 54
5007 1
5009 346
5009 842
5009 307
5013 21
5015 3
5019 1
5020 3
5021 189
5021 189
5022 285
5023 107
5024 311
5025 206
5028 17
5031 189
5032 3
5034 1
5036 311
5037 27
5038 17
5040 311
5041 17
5042 1
5044 107
5045 37
5046 1
5047 280
5048 107
5049 107
5050 1
5053 60
5055 516
5058 69
5060 417
5063 1
5065 1
5067 14
5068 14
5069 2477
5072 1
5073 1
5076 1
5077 1
5079 60
5080 1
5081 3
5082 107
5087 107
5088 1
5090 1
5091 1
5093 17
5094 1
5095 1
5097 107
5099 178
5100 3
5101 479
5102 1533
5103 3
5104 39
5105 346
5108 178
5110 1
5113 117
5116 1
5117 1
5118 189
5119 3
5121 107
5122 1
5125 1
5128 417
5129 311
5129 14
5130 1
5132 21
5133 479
5134 1
5136 14
5137 21
5139 516
5140 3
5141 3
5142 1
5143 652
5144 1
5145 1
5146 60
5148 3
5151 547
5151 996
5151 479
5156 495
5157 346
5158 58
5159 1
5159 2985
5161 280
5161 487
5163 117
5164 17
5165 14
5167 479
5168 280
5168 189
5169 1
5170 1
5171 328
5172 21
5175 3
5176 1
5182 1
5182 5183
5184 1
5194 206
5195 60
5196 495
5197 1
5198 14
5200 1
5201 3
5203 17
5204 311
5205 14
5206 1
5211 1
5212 1
5215 60
5216 1
5217 3
5218 1
5219 17
5220 189
5224 107
5225 1
5230 307
5232 1
5238 1
5244 285
5245 307
5246 60
5250 37
5251 60
5253 60
5255 1
5257 1
5259 3
5261 1
5262 315
5264 60
5265 1
5266 1
5269 1
5270 3
5271 495
5274 60
5276 460
5277 3
5278 14
5281 3
5282 58
5284 1
5285 14
5287 37
5289 1
5293 54
5294 60
5295 1
5296 346
5297 1
5303 1
5304 1
5305 60
5306 21
5307 311
5308 60
5313 1
5314 21
5314 784
5314 307
5314 269
5315 58
5316 328
5317 1
5327 1
5328 1
5331 1
5334 58
5336 54
5337 54
5343 1
5347 1
5348 60
5351 311
5352 60
5353 37
5355 1
5357 189
5358 1
5359 1
5360 1
5366 1
5367 1
5370 206
5372 328
5373 1
5374 107
5375 178
5378 54
5380 1
5380 606
5380 269
5380 5381
5384 17
5387 189
5388 3
5392 278
5392 33
5392 5393
5392 102
5394 311
5395 1
5397 1
5398 107
5399 58
5400 3
5403 3
5403 784
5404 3
5405 3
5407 54
5407 76
5407 605
5407 4153
5407 927
5407 1
5408 495
5409 37
5410 1
5411 58
5412 1
5413 60
5414 1
5415 784
5415 269
5416 1
5417 479
5419 1
5423 54
5424 1
5428 3
5432 1
5435 1
5436 107
5437 495
5438 1
5440 107
5443 784
5445 1
5446 280
5447 1
5448 1
5449 1
5451 206
5452 417
5454 1
5461 3
5464 1
5465 107
5466 280
5467 3
5468 1
5469 1
5471 60
5472 1
5475 1
5477 5393
5478 37
5478 1
5480 479
5484 54
5485 328
5487 3
5492 17
