6.89673307664488,6.517787188812026
4.700000000000001,6.05
0,0
6.175571177008012,4.880368322799165
6.175571177008012,4.880368322799165
0,0
6.050000000000001,4.499999999999999
6.175571177008012,4.880368322799165
0,0
0,0
6.175571177008012,4.880368322799165
3.083378746594005,6.084898834248962
0,0
2.3,6.35
4.313064295485637,6.246822204344328
0,0
5.4,5.45
6.175571177008012,4.880368322799165
0,0
0,0
0,0
0,0
6.175571177008012,4.880368322799165
0,0
0,0
3.9853488372093024,5.602261306532663
0,0
4.927495495216872,6.087250196062181
0,0
0,0
6.050000000000001,4.499999999999999
0,0
6.050000000000001,4.499999999999999
7.849999999999999,6.099999999999999
6.050000000000001,4.499999999999999
6.050000000000001,4.499999999999999
6.050000000000001,4.499999999999999
6.050000000000001,4.499999999999999
7.849999999999999,6.099999999999999
8.431875643293754,6.376053364075059
6.050000000000001,4.499999999999999
6.89673307664488,6.517787188812026
6.175571177008012,4.880368322799165
6.175571177008012,4.880368322799165
6.175571177008012,4.880368322799165
6.175571177008012,4.880368322799165
4.927495495216872,6.087250196062181
6.050000000000001,4.499999999999999
6.050000000000001,4.499999999999999
6.175571177008012,4.880368322799165
6.050000000000001,4.499999999999999
6.175571177008012,4.880368322799165
6.175571177008012,4.880368322799165
6.89673307664488,6.517787188812026
6.89673307664488,6.517787188812026
6.050000000000001,4.499999999999999
6.175571177008012,4.880368322799165
0,0
6.175571177008012,4.880368322799165
6.175571177008012,4.880368322799165
0,0
6.175571177008012,4.880368322799165
4.1,6.4
0,0
6.175571177008012,4.880368322799165
6.175571177008012,4.880368322799165
6.175571177008012,4.880368322799165
4.927495495216872,6.087250196062181
5.652670905734462,5.510217682697979
4.1,6.4
5.550000000000001,5.6
6.175571177008012,4.880368322799165
6.175571177008012,4.880368322799165
6.175571177008012,4.880368322799165
6.050000000000001,4.499999999999999
4.1,6.4
6.175571177008012,4.880368322799165
0,0
6.050000000000001,4.499999999999999
6.175571177008012,4.880368322799165
6.175571177008012,4.880368322799165
6.89673307664488,6.517787188812026
6.175571177008012,4.880368322799165
6.175571177008012,4.880368322799165
6.175571177008012,4.880368322799165
6.175571177008012,4.880368322799165
6.175571177008012,4.880368322799165
6.175571177008012,4.880368322799165
6.89673307664488,6.517787188812026
6.175571177008012,4.880368322799165
6.175571177008012,4.880368322799165
6.175571177008012,4.880368322799165
4.1,6.4
7.15,4.6499999999999995
6.175571177008012,4.880368322799165
6.050000000000001,4.499999999999999
6.175571177008012,4.880368322799165
6.175571177008012,4.880368322799165
6.175571177008012,4.880368322799165
6.175571177008012,4.880368322799165
6.175571177008012,4.880368322799165
6.175571177008012,4.880368322799165
4.927495495216872,6.087250196062181
6.175571177008012,4.880368322799165
6.175571177008012,4.880368322799165
4.927495495216872,6.087250196062181
6.175571177008012,4.880368322799165
4.1,6.4
6.175571177008012,4.880368322799165
6.175571177008012,4.880368322799165
6.175571177008012,4.880368322799165
6.175571177008012,4.880368322799165
6.175571177008012,4.880368322799165
5.4,5.45
6.175571177008012,4.880368322799165
6.190425531914895,5.819694681195383
6.175571177008012,4.880368322799165
6.175571177008012,4.880368322799165
4.927495495216872,6.087250196062181
6.89673307664488,6.517787188812026
6.175571177008012,4.880368322799165
5.4772727272727275,4.710930232558139
6.175571177008012,4.880368322799165
6.175571177008012,4.880368322799165
6.175571177008012,4.880368322799165
6.175571177008012,4.880368322799165
6.175571177008012,4.880368322799165
6.175571177008012,4.880368322799165
5.353293950102853,5.462574064860464
0,0
6.175571177008012,4.880368322799165
6.175571177008012,4.880368322799165
6.175571177008012,4.880368322799165
6.175571177008012,4.880368322799165
6.175571177008012,4.880368322799165
6.175571177008012,4.880368322799165
4.1314581791265725,6.394271802950022
6.175571177008012,4.880368322799165
6.050000000000001,4.499999999999999
6.89673307664488,6.517787188812026
6.175571177008012,4.880368322799165
6.175571177008012,4.880368322799165
6.175571177008012,4.880368322799165
6.050000000000001,4.499999999999999
0,0
4.1,6.4
6.175571177008012,4.880368322799165
6.050000000000001,4.499999999999999
6.175571177008012,4.880368322799165
6.175571177008012,4.880368322799165
6.175571177008012,4.880368322799165
6.175571177008012,4.880368322799165
6.175571177008012,4.880368322799165
6.175571177008012,4.880368322799165
6.050000000000001,4.499999999999999
6.175571177008012,4.880368322799165
0,0
6.050000000000001,4.499999999999999
6.89673307664488,6.517787188812026
6.175571177008012,4.880368322799165
0,0
6.175571177008012,4.880368322799165
6.89673307664488,6.517787188812026
6.175571177008012,4.880368322799165
6.175571177008012,4.880368322799165
5.393232044198896,5.737323943661972
6.175571177008012,4.880368322799165
5.393232044198896,5.737323943661972
6.050000000000001,4.499999999999999
6.175571177008012,4.880368322799165
5.353293950102853,5.462574064860464
6.175571177008012,4.880368322799165
6.175571177008012,4.880368322799165
6.050000000000001,4.499999999999999
6.175571177008012,4.880368322799165
6.175571177008012,4.880368322799165
0,0
0,0
6.175571177008012,4.880368322799165
4.927495495216872,6.087250196062181
4.927495495216872,6.087250196062181
0,0
4.1,6.4
6.175571177008012,4.880368322799165
6.175571177008012,4.880368322799165
6.175571177008012,4.880368322799165
6.175571177008012,4.880368322799165
2.446235294117647,6.246759756534193
6.175571177008012,4.880368322799165
6.89673307664488,6.517787188812026
6.175571177008012,4.880368322799165
4.1,6.4
6.175571177008012,4.880368322799165
6.175571177008012,4.880368322799165
6.175571177008012,4.880368322799165
6.175571177008012,4.880368322799165
4.927495495216872,6.087250196062181
6.89673307664488,6.517787188812026
6.175571177008012,4.880368322799165
6.175571177008012,4.880368322799165
5.550000000000001,5.6
6.175571177008012,4.880368322799165
4.1,6.4
6.89673307664488,6.517787188812026
6.175571177008012,4.880368322799165
6.175571177008012,4.880368322799165
0,0
6.175571177008012,4.880368322799165
6.175571177008012,4.880368322799165
0,0
6.175571177008012,4.880368322799165
6.89673307664488,6.517787188812026
6.175571177008012,4.880368322799165
6.175571177008012,4.880368322799165
6.175571177008012,4.880368322799165
6.175571177008012,4.880368322799165
6.89673307664488,6.517787188812026
0,0
2.0,7.1
6.175571177008012,4.880368322799165
6.89673307664488,6.517787188812026
6.175571177008012,4.880368322799165
6.175571177008012,4.880368322799165
0,0
6.175571177008012,4.880368322799165
4.927495495216872,6.087250196062181
4.927495495216872,6.087250196062181
6.175571177008012,4.880368322799165
6.175571177008012,4.880368322799165
6.175571177008012,4.880368322799165
6.175571177008012,4.880368322799165
6.175571177008012,4.880368322799165
6.89673307664488,6.517787188812026
6.175571177008012,4.880368322799165
6.175571177008012,4.880368322799165
6.175571177008012,4.880368322799165
6.89673307664488,6.517787188812026
6.175571177008012,4.880368322799165
6.050000000000001,4.499999999999999
6.175571177008012,4.880368322799165
4.927495495216872,6.087250196062181
6.89673307664488,6.517787188812026
5.652670905734462,5.510217682697979
6.175571177008012,4.880368322799165
6.89673307664488,6.517787188812026
6.175571177008012,4.880368322799165
6.89673307664488,6.517787188812026
6.175571177008012,4.880368322799165
6.050000000000001,4.499999999999999
6.175571177008012,4.880368322799165
0,0
8.175496717917088,6.565990125717276
6.175571177008012,4.880368322799165
5.550000000000001,5.6
0,0
6.175571177008012,4.880368322799165
6.175571177008012,4.880368322799165
6.175571177008012,4.880368322799165
6.175571177008012,4.880368322799165
6.89673307664488,6.517787188812026
6.175571177008012,4.880368322799165
6.175571177008012,4.880368322799165
6.175571177008012,4.880368322799165
5.4,5.45
0,0
6.89673307664488,6.517787188812026
0,0
6.175571177008012,4.880368322799165
5.4,5.45
6.175571177008012,4.880368322799165
4.927495495216872,6.087250196062181
6.175571177008012,4.880368322799165
4.927495495216872,6.087250196062181
6.175571177008012,4.880368322799165
4.927495495216872,6.087250196062181
6.175571177008012,4.880368322799165
6.89673307664488,6.517787188812026
6.89673307664488,6.517787188812026
6.89673307664488,6.517787188812026
6.175571177008012,4.880368322799165
6.175571177008012,4.880368322799165
6.89673307664488,6.517787188812026
6.175571177008012,4.880368322799165
4.927495495216872,6.087250196062181
4.927495495216872,6.087250196062181
5.7,5.800000000000001
6.175571177008012,4.880368322799165
6.175571177008012,4.880368322799165
6.175571177008012,4.880368322799165
6.89673307664488,6.517787188812026
6.175571177008012,4.880368322799165
6.175571177008012,4.880368322799165
6.175571177008012,4.880368322799165
5.4,5.45
6.175571177008012,4.880368322799165
6.89673307664488,6.517787188812026
5.4,5.45
6.175571177008012,4.880368322799165
8.175496717917088,6.565990125717276
6.89673307664488,6.517787188812026
6.89673307664488,6.517787188812026
6.175571177008012,4.880368322799165
6.89673307664488,6.517787188812026
6.175571177008012,4.880368322799165
6.175571177008012,4.880368322799165
6.175571177008012,4.880368322799165
6.89673307664488,6.517787188812026
6.89673307664488,6.517787188812026
6.175571177008012,4.880368322799165
6.89673307664488,6.517787188812026
0,0
0,0
6.89673307664488,6.517787188812026
6.175571177008012,4.880368322799165
0,0
6.175571177008012,4.880368322799165
6.175571177008012,4.880368322799165
6.89673307664488,6.517787188812026
6.175571177008012,4.880368322799165
5.4,5.45
6.175571177008012,4.880368322799165
0,0
6.175571177008012,4.880368322799165
6.175571177008012,4.880368322799165
6.175571177008012,4.880368322799165
6.175571177008012,4.880368322799165
6.175571177008012,4.880368322799165
6.175571177008012,4.880368322799165
5.353293950102853,5.462574064860464
0,0
6.175571177008012,4.880368322799165
6.175571177008012,4.880368322799165
6.89673307664488,6.517787188812026
6.175571177008012,4.880368322799165
6.175571177008012,4.880368322799165
6.175571177008012,4.880368322799165
6.175571177008012,4.880368322799165
0,0
6.89673307664488,6.517787188812026
6.89673307664488,6.517787188812026
2.78,6.73
6.175571177008012,4.880368322799165
6.175571177008012,4.880368322799165
0,0
6.89673307664488,6.517787188812026
6.89673307664488,6.517787188812026
0,0
6.175571177008012,4.880368322799165
6.175571177008012,4.880368322799165
6.89673307664488,6.517787188812026
6.89673307664488,6.517787188812026
6.175571177008012,4.880368322799165
0,0
4.927495495216872,6.087250196062181
4.927495495216872,6.087250196062181
6.900000000000001,4.25
6.175571177008012,4.880368322799165
6.175571177008012,4.880368322799165
7.7,4.0
4.927495495216872,6.087250196062181
6.89673307664488,6.517787188812026
4.927495495216872,6.087250196062181
6.175571177008012,4.880368322799165
4.927495495216872,6.087250196062181
0,0
0,0
6.175571177008012,4.880368322799165
6.175571177008012,4.880368322799165
6.89673307664488,6.517787188812026
6.175571177008012,4.880368322799165
6.175571177008012,4.880368322799165
5.7,5.800000000000001
6.89673307664488,6.517787188812026
6.175571177008012,4.880368322799165
6.175571177008012,4.880368322799165
4.118843120070114,6.39937532535138
4.1,6.4
6.175571177008012,4.880368322799165
6.175571177008012,4.880368322799165
6.175571177008012,4.880368322799165
4.927495495216872,6.087250196062181
6.175571177008012,4.880368322799165
6.175571177008012,4.880368322799165
6.175571177008012,4.880368322799165
6.175571177008012,4.880368322799165
6.175571177008012,4.880368322799165
0,0
6.175571177008012,4.880368322799165
6.175571177008012,4.880368322799165
6.175571177008012,4.880368322799165
6.89673307664488,6.517787188812026
6.175571177008012,4.880368322799165
6.175571177008012,4.880368322799165
4.1,6.4
5.25,4.849999999999999
6.175571177008012,4.880368322799165
2.78,6.73
6.175571177008012,4.880368322799165
6.175571177008012,4.880368322799165
6.175571177008012,4.880368322799165
6.175571177008012,4.880368322799165
6.175571177008012,4.880368322799165
6.175571177008012,4.880368322799165
6.175571177008012,4.880368322799165
6.175571177008012,4.880368322799165
0,0
0,0
6.175571177008012,4.880368322799165
6.175571177008012,4.880368322799165
4.25,5.95
6.175571177008012,4.880368322799165
0,0
0,0
6.175571177008012,4.880368322799165
6.175571177008012,4.880368322799165
6.175571177008012,4.880368322799165
6.175571177008012,4.880368322799165
6.175571177008012,4.880368322799165
6.175571177008012,4.880368322799165
6.175571177008012,4.880368322799165
6.175571177008012,4.880368322799165
5.25,4.849999999999999
5.993661971830985,5.511184210526316
6.175571177008012,4.880368322799165
5.85,5.6000000000000005
6.175571177008012,4.880368322799165
6.175571177008012,4.880368322799165
6.175571177008012,4.880368322799165
3.85,5.549999999999999
6.175571177008012,4.880368322799165
6.175571177008012,4.880368322799165
4.500000000000001,5.900000000000001
6.175571177008012,4.880368322799165
6.175571177008012,4.880368322799165
6.175571177008012,4.880368322799165
6.175571177008012,4.880368322799165
6.175571177008012,4.880368322799165
6.175571177008012,4.880368322799165
6.175571177008012,4.880368322799165
6.175571177008012,4.880368322799165
6.175571177008012,4.880368322799165
6.175571177008012,4.880368322799165
6.175571177008012,4.880368322799165
5.4,5.45
6.175571177008012,4.880368322799165
5.25,4.849999999999999
6.175571177008012,4.880368322799165
6.175571177008012,4.880368322799165
6.175571177008012,4.880368322799165
4.274418604651163,6.250249584026623
6.175571177008012,4.880368322799165
6.175571177008012,4.880368322799165
6.175571177008012,4.880368322799165
6.175571177008012,4.880368322799165
6.175571177008012,4.880368322799165
6.175571177008012,4.880368322799165
6.89673307664488,6.517787188812026
6.175571177008012,4.880368322799165
6.175571177008012,4.880368322799165
6.175571177008012,4.880368322799165
6.175571177008012,4.880368322799165
6.175571177008012,4.880368322799165
6.175571177008012,4.880368322799165
6.175571177008012,4.880368322799165
5.537408049665989,5.408616314284112
0,0
6.175571177008012,4.880368322799165
6.175571177008012,4.880368322799165
5.652670905734462,5.510217682697979
6.89673307664488,6.517787188812026
6.175571177008012,4.880368322799165
6.175571177008012,4.880368322799165
6.175571177008012,4.880368322799165
6.89673307664488,6.517787188812026
6.175571177008012,4.880368322799165
0,0
6.175571177008012,4.880368322799165
6.175571177008012,4.880368322799165
6.175571177008012,4.880368322799165
5.652670905734462,5.510217682697979
0,0
6.175571177008012,4.880368322799165
8.549999999999999,6.2
0,0
6.175571177008012,4.880368322799165
0,0
6.175571177008012,4.880368322799165
6.128688830780725,4.668047337278106
6.175571177008012,4.880368322799165
6.175571177008012,4.880368322799165
6.175571177008012,4.880368322799165
6.175571177008012,4.880368322799165
6.175571177008012,4.880368322799165
4.927495495216872,6.087250196062181
6.175571177008012,4.880368322799165
6.175571177008012,4.880368322799165
0,0
4.1,6.4
6.175571177008012,4.880368322799165
5.4,5.45
6.175571177008012,4.880368322799165
4.927495495216872,6.087250196062181
6.89673307664488,6.517787188812026
6.89673307664488,6.517787188812026
6.89673307664488,6.517787188812026
7.087037037037035,4.977824788451968
6.89673307664488,6.517787188812026
6.669702558001188,5.472755610972569
6.175571177008012,4.880368322799165
6.175571177008012,4.880368322799165
6.175571177008012,4.880368322799165
6.175571177008012,4.880368322799165
6.175571177008012,4.880368322799165
6.175571177008012,4.880368322799165
6.175571177008012,4.880368322799165
6.175571177008012,4.880368322799165
6.175571177008012,4.880368322799165
6.175571177008012,4.880368322799165
6.175571177008012,4.880368322799165
6.175571177008012,4.880368322799165
6.175571177008012,4.880368322799165
6.175571177008012,4.880368322799165
6.89673307664488,6.517787188812026
6.175571177008012,4.880368322799165
6.175571177008012,4.880368322799165
6.175571177008012,4.880368322799165
6.175571177008012,4.880368322799165
4.274418604651163,6.250249584026623
4.927495495216872,6.087250196062181
6.175571177008012,4.880368322799165
6.175571177008012,4.880368322799165
6.175571177008012,4.880368322799165
8.05,4.75
6.175571177008012,4.880368322799165
6.175571177008012,4.880368322799165
6.175571177008012,4.880368322799165
6.175571177008012,4.880368322799165
6.175571177008012,4.880368322799165
6.175571177008012,4.880368322799165
6.175571177008012,4.880368322799165
6.175571177008012,4.880368322799165
4.927495495216872,6.087250196062181
6.175571177008012,4.880368322799165
6.175571177008012,4.880368322799165
6.175571177008012,4.880368322799165
6.175571177008012,4.880368322799165
6.175571177008012,4.880368322799165
6.175571177008012,4.880368322799165
0,0
6.175571177008012,4.880368322799165
6.89673307664488,6.517787188812026
6.175571177008012,4.880368322799165
6.175571177008012,4.880368322799165
6.175571177008012,4.880368322799165
6.175571177008012,4.880368322799165
6.175571177008012,4.880368322799165
6.175571177008012,4.880368322799165
4.927495495216872,6.087250196062181
6.89673307664488,6.517787188812026
0,0
6.175571177008012,4.880368322799165
6.175571177008012,4.880368322799165
6.89673307664488,6.517787188812026
6.175571177008012,4.880368322799165
6.175571177008012,4.880368322799165
6.175571177008012,4.880368322799165
6.175571177008012,4.880368322799165
4.927495495216872,6.087250196062181
6.175571177008012,4.880368322799165
6.175571177008012,4.880368322799165
6.175571177008012,4.880368322799165
8.239143809279671,6.323882134762003
6.175571177008012,4.880368322799165
6.175571177008012,4.880368322799165
0,0
6.175571177008012,4.880368322799165
4.927495495216872,6.087250196062181
6.89673307664488,6.517787188812026
6.89673307664488,6.517787188812026
6.175571177008012,4.880368322799165
6.175571177008012,4.880368322799165
5.4,5.45
0,0
6.550000000000001,5.599999999999999
4.1,6.4
6.175571177008012,4.880368322799165
6.175571177008012,4.880368322799165
6.175571177008012,4.880368322799165
6.175571177008012,4.880368322799165
6.175571177008012,4.880368322799165
6.175571177008012,4.880368322799165
6.175571177008012,4.880368322799165
0,0
5.4,5.45
6.175571177008012,4.880368322799165
5.25,4.849999999999999
6.175571177008012,4.880368322799165
6.175571177008012,4.880368322799165
6.175571177008012,4.880368322799165
6.175571177008012,4.880368322799165
6.89673307664488,6.517787188812026
6.175571177008012,4.880368322799165
6.175571177008012,4.880368322799165
6.175571177008012,4.880368322799165
4.1,6.4
4.249357866139788,6.349033413778518
6.89673307664488,6.517787188812026
4.927495495216872,6.087250196062181
4.1,6.4
6.175571177008012,4.880368322799165
6.175571177008012,4.880368322799165
0,0
6.175571177008012,4.880368322799165
6.175571177008012,4.880368322799165
4.1,6.4
6.175571177008012,4.880368322799165
6.175571177008012,4.880368322799165
0,0
6.175571177008012,4.880368322799165
4.118843120070114,6.39937532535138
6.175571177008012,4.880368322799165
6.175571177008012,4.880368322799165
0,0
6.175571177008012,4.880368322799165
7.849999999999999,6.099999999999999
6.175571177008012,4.880368322799165
6.175571177008012,4.880368322799165
6.175571177008012,4.880368322799165
6.175571177008012,4.880368322799165
6.175571177008012,4.880368322799165
0,0
6.175571177008012,4.880368322799165
6.89673307664488,6.517787188812026
6.175571177008012,4.880368322799165
6.175571177008012,4.880368322799165
6.175571177008012,4.880368322799165
6.175571177008012,4.880368322799165
6.175571177008012,4.880368322799165
5.652670905734462,5.510217682697979
6.175571177008012,4.880368322799165
6.175571177008012,4.880368322799165
6.175571177008012,4.880368322799165
6.175571177008012,4.880368322799165
6.175571177008012,4.880368322799165
6.175571177008012,4.880368322799165
6.89673307664488,6.517787188812026
6.89673307664488,6.517787188812026
6.175571177008012,4.880368322799165
6.175571177008012,4.880368322799165
6.175571177008012,4.880368322799165
6.175571177008012,4.880368322799165
6.175571177008012,4.880368322799165
6.175571177008012,4.880368322799165
6.175571177008012,4.880368322799165
6.89673307664488,6.517787188812026
6.175571177008012,4.880368322799165
6.175571177008012,4.880368322799165
0,0
5.25,4.849999999999999
0,0
0,0
6.175571177008012,4.880368322799165
4.927495495216872,6.087250196062181
6.175571177008012,4.880368322799165
6.175571177008012,4.880368322799165
6.175571177008012,4.880368322799165
4.927495495216872,6.087250196062181
6.175571177008012,4.880368322799165
6.89673307664488,6.517787188812026
0,0
6.89673307664488,6.517787188812026
6.89673307664488,6.517787188812026
6.175571177008012,4.880368322799165
6.175571177008012,4.880368322799165
6.175571177008012,4.880368322799165
5.009839100391881,6.133101918812072
6.175571177008012,4.880368322799165
6.175571177008012,4.880368322799165
6.89673307664488,6.517787188812026
6.175571177008012,4.880368322799165
6.89673307664488,6.517787188812026
0,0
5.25,4.849999999999999
5.25,4.849999999999999
0,0
4.1,6.4
6.175571177008012,4.880368322799165
6.89673307664488,6.517787188812026
6.175571177008012,4.880368322799165
4.927495495216872,6.087250196062181
6.175571177008012,4.880368322799165
6.175571177008012,4.880368322799165
6.175571177008012,4.880368322799165
6.175571177008012,4.880368322799165
6.175571177008012,4.880368322799165
6.175571177008012,4.880368322799165
5.652670905734462,5.510217682697979
6.89673307664488,6.517787188812026
6.175571177008012,4.880368322799165
6.772202797202797,5.865000000000001
6.175571177008012,4.880368322799165
4.927495495216872,6.087250196062181
6.175571177008012,4.880368322799165
6.175571177008012,4.880368322799165
6.175571177008012,4.880368322799165
6.175571177008012,4.880368322799165
6.175571177008012,4.880368322799165
7.849168605716038,6.79009538647174
6.175571177008012,4.880368322799165
6.175571177008012,4.880368322799165
6.175571177008012,4.880368322799165
4.927495495216872,6.087250196062181
6.175571177008012,4.880368322799165
6.175571177008012,4.880368322799165
6.175571177008012,4.880368322799165
2.55,6.500000000000001
6.175571177008012,4.880368322799165
6.175571177008012,4.880368322799165
6.89673307664488,6.517787188812026
6.175571177008012,4.880368322799165
6.175571177008012,4.880368322799165
6.175571177008012,4.880368322799165
6.175571177008012,4.880368322799165
6.175571177008012,4.880368322799165
6.175571177008012,4.880368322799165
6.175571177008012,4.880368322799165
6.175571177008012,4.880368322799165
6.175571177008012,4.880368322799165
6.175571177008012,4.880368322799165
0,0
4.295,6.6825
6.175571177008012,4.880368322799165
6.175571177008012,4.880368322799165
6.175571177008012,4.880368322799165
6.175571177008012,4.880368322799165
6.175571177008012,4.880368322799165
6.175571177008012,4.880368322799165
4.927495495216872,6.087250196062181
6.89673307664488,6.517787188812026
6.89673307664488,6.517787188812026
6.175571177008012,4.880368322799165
6.175571177008012,4.880368322799165
6.89673307664488,6.517787188812026
6.175571177008012,4.880368322799165
6.175571177008012,4.880368322799165
5.4,5.45
4.927495495216872,6.087250196062181
6.175571177008012,4.880368322799165
6.89673307664488,6.517787188812026
6.175571177008012,4.880368322799165
6.175571177008012,4.880368322799165
6.89673307664488,6.517787188812026
6.175571177008012,4.880368322799165
6.89673307664488,6.517787188812026
6.175571177008012,4.880368322799165
6.175571177008012,4.880368322799165
6.175571177008012,4.880368322799165
6.175571177008012,4.880368322799165
6.175571177008012,4.880368322799165
4.927495495216872,6.087250196062181
6.89673307664488,6.517787188812026
6.175571177008012,4.880368322799165
6.175571177008012,4.880368322799165
0,0
6.175571177008012,4.880368322799165
6.175571177008012,4.880368322799165
6.175571177008012,4.880368322799165
6.175571177008012,4.880368322799165
6.175571177008012,4.880368322799165
6.175571177008012,4.880368322799165
6.175571177008012,4.880368322799165
6.175571177008012,4.880368322799165
4.927495495216872,6.087250196062181
6.175571177008012,4.880368322799165
6.89673307664488,6.517787188812026
4.927495495216872,6.087250196062181
4.927495495216872,6.087250196062181
6.175571177008012,4.880368322799165
6.175571177008012,4.880368322799165
6.175571177008012,4.880368322799165
4.927495495216872,6.087250196062181
0,0
6.175571177008012,4.880368322799165
6.175571177008012,4.880368322799165
6.175571177008012,4.880368322799165
0,0
6.175571177008012,4.880368322799165
4.927495495216872,6.087250196062181
6.175571177008012,4.880368322799165
6.175571177008012,4.880368322799165
6.175571177008012,4.880368322799165
6.175571177008012,4.880368322799165
6.175571177008012,4.880368322799165
6.175571177008012,4.880368322799165
6.89673307664488,6.517787188812026
6.175571177008012,4.880368322799165
6.175571177008012,4.880368322799165
6.175571177008012,4.880368322799165
6.175571177008012,4.880368322799165
6.175571177008012,4.880368322799165
0,0
6.175571177008012,4.880368322799165
6.175571177008012,4.880368322799165
6.175571177008012,4.880368322799165
6.175571177008012,4.880368322799165
6.175571177008012,4.880368322799165
6.175571177008012,4.880368322799165
6.175571177008012,4.880368322799165
7.087037037037035,4.977824788451968
6.175571177008012,4.880368322799165
6.175571177008012,4.880368322799165
6.89673307664488,6.517787188812026
6.175571177008012,4.880368322799165
6.89673307664488,6.517787188812026
6.175571177008012,4.880368322799165
4.1,6.4
0,0
6.175571177008012,4.880368322799165
6.175571177008012,4.880368322799165
6.175571177008012,4.880368322799165
0,0
6.175571177008012,4.880368322799165
6.175571177008012,4.880368322799165
0,0
6.89673307664488,6.517787188812026
6.175571177008012,4.880368322799165
6.175571177008012,4.880368322799165
6.175571177008012,4.880368322799165
0,0
6.175571177008012,4.880368322799165
4.1,6.4
6.175571177008012,4.880368322799165
6.175571177008012,4.880368322799165
6.175571177008012,4.880368322799165
6.175571177008012,4.880368322799165
6.175571177008012,4.880368322799165
0,0
6.175571177008012,4.880368322799165
6.175571177008012,4.880368322799165
6.175571177008012,4.880368322799165
6.175571177008012,4.880368322799165
0,0
6.175571177008012,4.880368322799165
6.175571177008012,4.880368322799165
6.89673307664488,6.517787188812026
6.175571177008012,4.880368322799165
6.175571177008012,4.880368322799165
6.175571177008012,4.880368322799165
6.175571177008012,4.880368322799165
0,0
4.927495495216872,6.087250196062181
6.175571177008012,4.880368322799165
6.175571177008012,4.880368322799165
6.89673307664488,6.517787188812026
6.175571177008012,4.880368322799165
6.175571177008012,4.880368322799165
6.175571177008012,4.880368322799165
5.404581774906495,5.456473773068638
6.175571177008012,4.880368322799165
6.175571177008012,4.880368322799165
6.175571177008012,4.880368322799165
6.175571177008012,4.880368322799165
6.175571177008012,4.880368322799165
0,0
6.175571177008012,4.880368322799165
6.175571177008012,4.880368322799165
6.175571177008012,4.880368322799165
6.175571177008012,4.880368322799165
6.175571177008012,4.880368322799165
5.652670905734462,5.510217682697979
6.175571177008012,4.880368322799165
6.175571177008012,4.880368322799165
6.175571177008012,4.880368322799165
6.175571177008012,4.880368322799165
6.175571177008012,4.880368322799165
7.849999999999999,6.099999999999999
6.89673307664488,6.517787188812026
6.175571177008012,4.880368322799165
0,0
6.175571177008012,4.880368322799165
0,0
6.175571177008012,4.880368322799165
6.175571177008012,4.880368322799165
6.175571177008012,4.880368322799165
6.89673307664488,6.517787188812026
6.175571177008012,4.880368322799165
6.89673307664488,6.517787188812026
6.175571177008012,4.880368322799165
6.89673307664488,6.517787188812026
6.175571177008012,4.880368322799165
6.175571177008012,4.880368322799165
6.175571177008012,4.880368322799165
4.927495495216872,6.087250196062181
4.927495495216872,6.087250196062181
6.175571177008012,4.880368322799165
6.175571177008012,4.880368322799165
0,0
4.1,6.4
0,0
6.175571177008012,4.880368322799165
6.175571177008012,4.880368322799165
0,0
6.175571177008012,4.880368322799165
0,0
6.175571177008012,4.880368322799165
6.175571177008012,4.880368322799165
6.175571177008012,4.880368322799165
6.175571177008012,4.880368322799165
6.175571177008012,4.880368322799165
6.175571177008012,4.880368322799165
7.087037037037035,4.977824788451968
6.89673307664488,6.517787188812026
6.175571177008012,4.880368322799165
6.175571177008012,4.880368322799165
6.175571177008012,4.880368322799165
6.175571177008012,4.880368322799165
6.89673307664488,6.517787188812026
6.175571177008012,4.880368322799165
6.175571177008012,4.880368322799165
6.175571177008012,4.880368322799165
6.175571177008012,4.880368322799165
4.927495495216872,6.087250196062181
6.175571177008012,4.880368322799165
4.927495495216872,6.087250196062181
6.175571177008012,4.880368322799165
6.175571177008012,4.880368322799165
0,0
6.175571177008012,4.880368322799165
4.927495495216872,6.087250196062181
4.927495495216872,6.087250196062181
6.175571177008012,4.880368322799165
6.175571177008012,4.880368322799165
6.175571177008012,4.880368322799165
6.175571177008012,4.880368322799165
6.175571177008012,4.880368322799165
6.175571177008012,4.880368322799165
6.175571177008012,4.880368322799165
0,0
6.175571177008012,4.880368322799165
5.749999999999999,4.4
6.050000000000001,4.499999999999999
6.175571177008012,4.880368322799165
0,0
5.749999999999999,4.4
6.175571177008012,4.880368322799165
4.313064295485637,6.246822204344328
6.175571177008012,4.880368322799165
6.175571177008012,4.880368322799165
6.89673307664488,6.517787188812026
0,0
6.175571177008012,4.880368322799165
6.175571177008012,4.880368322799165
6.175571177008012,4.880368322799165
4.927495495216872,6.087250196062181
6.175571177008012,4.880368322799165
6.175571177008012,4.880368322799165
6.175571177008012,4.880368322799165
6.175571177008012,4.880368322799165
6.175571177008012,4.880368322799165
6.175571177008012,4.880368322799165
6.175571177008012,4.880368322799165
6.175571177008012,4.880368322799165
5.4,5.45
6.175571177008012,4.880368322799165
6.175571177008012,4.880368322799165
6.175571177008012,4.880368322799165
0,0
6.175571177008012,4.880368322799165
5.009839100391881,6.133101918812072
0,0
0,0
6.175571177008012,4.880368322799165
6.175571177008012,4.880368322799165
6.175571177008012,4.880368322799165
6.89673307664488,6.517787188812026
6.175571177008012,4.880368322799165
6.175571177008012,4.880368322799165
6.175571177008012,4.880368322799165
6.175571177008012,4.880368322799165
6.175571177008012,4.880368322799165
6.175571177008012,4.880368322799165
0,0
6.175571177008012,4.880368322799165
6.175571177008012,4.880368322799165
6.175571177008012,4.880368322799165
6.175571177008012,4.880368322799165
6.175571177008012,4.880368322799165
6.175571177008012,4.880368322799165
6.175571177008012,4.880368322799165
6.175571177008012,4.880368322799165
4.927495495216872,6.087250196062181
6.175571177008012,4.880368322799165
6.175571177008012,4.880368322799165
6.175571177008012,4.880368322799165
6.175571177008012,4.880368322799165
6.175571177008012,4.880368322799165
0,0
6.175571177008012,4.880368322799165
6.175571177008012,4.880368322799165
6.175571177008012,4.880368322799165
6.175571177008012,4.880368322799165
6.175571177008012,4.880368322799165
0,0
6.175571177008012,4.880368322799165
0,0
6.175571177008012,4.880368322799165
6.260453370918487,4.697836938435939
6.175571177008012,4.880368322799165
6.89673307664488,6.517787188812026
6.175571177008012,4.880368322799165
6.175571177008012,4.880368322799165
6.175571177008012,4.880368322799165
6.175571177008012,4.880368322799165
7.087037037037035,4.977824788451968
6.175571177008012,4.880368322799165
6.175571177008012,4.880368322799165
6.175571177008012,4.880368322799165
6.175571177008012,4.880368322799165
6.175571177008012,4.880368322799165
6.175571177008012,4.880368322799165
6.175571177008012,4.880368322799165
6.175571177008012,4.880368322799165
6.175571177008012,4.880368322799165
6.175571177008012,4.880368322799165
6.688235294117646,5.627076923076922
0,0
6.175571177008012,4.880368322799165
6.175571177008012,4.880368322799165
4.927495495216872,6.087250196062181
4.927495495216872,6.087250196062181
6.175571177008012,4.880368322799165
6.175571177008012,4.880368322799165
6.175571177008012,4.880368322799165
6.175571177008012,4.880368322799165
6.175571177008012,4.880368322799165
4.927495495216872,6.087250196062181
6.89673307664488,6.517787188812026
6.175571177008012,4.880368322799165
6.175571177008012,4.880368322799165
4.927495495216872,6.087250196062181
5.2542747088449655,4.848105354938439
4.118843120070114,6.39937532535138
6.175571177008012,4.880368322799165
0,0
6.175571177008012,4.880368322799165
6.175571177008012,4.880368322799165
6.175571177008012,4.880368322799165
6.175571177008012,4.880368322799165
6.175571177008012,4.880368322799165
6.175571177008012,4.880368322799165
4.927495495216872,6.087250196062181
6.175571177008012,4.880368322799165
6.175571177008012,4.880368322799165
8.05461475409836,6.142782152230971
6.89673307664488,6.517787188812026
6.175571177008012,4.880368322799165
6.175571177008012,4.880368322799165
6.175571177008012,4.880368322799165
6.175571177008012,4.880368322799165
6.89673307664488,6.517787188812026
6.89673307664488,6.517787188812026
0,0
0,0
6.89673307664488,6.517787188812026
6.175571177008012,4.880368322799165
6.89673307664488,6.517787188812026
6.175571177008012,4.880368322799165
6.175571177008012,4.880368322799165
6.175571177008012,4.880368322799165
6.175571177008012,4.880368322799165
6.175571177008012,4.880368322799165
6.175571177008012,4.880368322799165
6.175571177008012,4.880368322799165
6.175571177008012,4.880368322799165
0,0
6.89673307664488,6.517787188812026
6.175571177008012,4.880368322799165
6.175571177008012,4.880368322799165
6.175571177008012,4.880368322799165
4.313064295485637,6.246822204344328
6.175571177008012,4.880368322799165
6.050000000000001,4.499999999999999
6.175571177008012,4.880368322799165
6.175571177008012,4.880368322799165
6.175571177008012,4.880368322799165
4.927495495216872,6.087250196062181
6.89673307664488,6.517787188812026
6.175571177008012,4.880368322799165
6.175571177008012,4.880368322799165
6.175571177008012,4.880368322799165
6.175571177008012,4.880368322799165
4.927495495216872,6.087250196062181
6.175571177008012,4.880368322799165
6.89673307664488,6.517787188812026
4.927495495216872,6.087250196062181
6.175571177008012,4.880368322799165
6.175571177008012,4.880368322799165
5.2,4.7
4.927495495216872,6.087250196062181
0,0
5.2,4.7
6.175571177008012,4.880368322799165
5.009839100391881,6.133101918812072
6.175571177008012,4.880368322799165
5.009839100391881,6.133101918812072
0,0
6.175571177008012,4.880368322799165
5.009839100391881,6.133101918812072
5.009839100391881,6.133101918812072
6.175571177008012,4.880368322799165
6.175571177008012,4.880368322799165
5.4,5.45
6.89673307664488,6.517787188812026
6.175571177008012,4.880368322799165
6.175571177008012,4.880368322799165
0,0
6.175571177008012,4.880368322799165
6.175571177008012,4.880368322799165
4.927495495216872,6.087250196062181
6.175571177008012,4.880368322799165
0,0
6.175571177008012,4.880368322799165
6.175571177008012,4.880368322799165
6.175571177008012,4.880368322799165
6.175571177008012,4.880368322799165
0,0
6.89673307664488,6.517787188812026
6.89673307664488,6.517787188812026
6.963573085846868,4.7799760191846525
6.175571177008012,4.880368322799165
6.175571177008012,4.880368322799165
6.175571177008012,4.880368322799165
6.175571177008012,4.880368322799165
2.786809542707486,6.2470410781008265
5.4,5.45
6.175571177008012,4.880368322799165
7.153723404255319,5.698271604938272
6.175571177008012,4.880368322799165
6.175571177008012,4.880368322799165
6.175571177008012,4.880368322799165
6.175571177008012,4.880368322799165
6.175571177008012,4.880368322799165
6.175571177008012,4.880368322799165
6.175571177008012,4.880368322799165
6.175571177008012,4.880368322799165
0,0
6.175571177008012,4.880368322799165
0,0
6.175571177008012,4.880368322799165
6.175571177008012,4.880368322799165
6.175571177008012,4.880368322799165
4.927495495216872,6.087250196062181
6.175571177008012,4.880368322799165
6.175571177008012,4.880368322799165
0,0
6.175571177008012,4.880368322799165
6.175571177008012,4.880368322799165
6.175571177008012,4.880368322799165
7.800000000000001,6.050000000000001
6.175571177008012,4.880368322799165
6.175571177008012,4.880368322799165
6.175571177008012,4.880368322799165
6.175571177008012,4.880368322799165
6.175571177008012,4.880368322799165
6.175571177008012,4.880368322799165
6.175571177008012,4.880368322799165
6.89673307664488,6.517787188812026
6.175571177008012,4.880368322799165
6.175571177008012,4.880368322799165
6.89673307664488,6.517787188812026
0,0
6.175571177008012,4.880368322799165
6.175571177008012,4.880368322799165
4.927495495216872,6.087250196062181
6.175571177008012,4.880368322799165
6.175571177008012,4.880368322799165
6.175571177008012,4.880368322799165
6.175571177008012,4.880368322799165
6.175571177008012,4.880368322799165
6.89673307664488,6.517787188812026
6.175571177008012,4.880368322799165
6.175571177008012,4.880368322799165
6.175571177008012,4.880368322799165
6.175571177008012,4.880368322799165
6.175571177008012,4.880368322799165
4.927495495216872,6.087250196062181
6.175571177008012,4.880368322799165
6.175571177008012,4.880368322799165
6.175571177008012,4.880368322799165
6.175571177008012,4.880368322799165
6.175571177008012,4.880368322799165
6.175571177008012,4.880368322799165
6.175571177008012,4.880368322799165
6.175571177008012,4.880368322799165
4.927495495216872,6.087250196062181
6.175571177008012,4.880368322799165
0,0
6.175571177008012,4.880368322799165
6.175571177008012,4.880368322799165
0,0
0,0
6.175571177008012,4.880368322799165
6.175571177008012,4.880368322799165
6.175571177008012,4.880368322799165
6.175571177008012,4.880368322799165
6.175571177008012,4.880368322799165
6.89673307664488,6.517787188812026
6.175571177008012,4.880368322799165
6.175571177008012,4.880368322799165
6.175571177008012,4.880368322799165
0,0
6.175571177008012,4.880368322799165
6.89673307664488,6.517787188812026
6.175571177008012,4.880368322799165
6.175571177008012,4.880368322799165
6.175571177008012,4.880368322799165
0,0
0,0
4.1,6.4
6.175571177008012,4.880368322799165
6.175571177008012,4.880368322799165
6.175571177008012,4.880368322799165
6.175571177008012,4.880368322799165
6.175571177008012,4.880368322799165
0,0
7.7,4.0
6.175571177008012,4.880368322799165
6.175571177008012,4.880368322799165
0,0
6.89673307664488,6.517787188812026
6.175571177008012,4.880368322799165
6.175571177008012,4.880368322799165
6.175571177008012,4.880368322799165
6.89673307664488,6.517787188812026
6.175571177008012,4.880368322799165
6.175571177008012,4.880368322799165
6.175571177008012,4.880368322799165
6.175571177008012,4.880368322799165
0,0
6.175571177008012,4.880368322799165
6.175571177008012,4.880368322799165
6.175571177008012,4.880368322799165
6.175571177008012,4.880368322799165
6.175571177008012,4.880368322799165
6.175571177008012,4.880368322799165
6.175571177008012,4.880368322799165
6.175571177008012,4.880368322799165
0,0
6.175571177008012,4.880368322799165
6.175571177008012,4.880368322799165
6.175571177008012,4.880368322799165
6.175571177008012,4.880368322799165
6.175571177008012,4.880368322799165
6.175571177008012,4.880368322799165
6.175571177008012,4.880368322799165
6.175571177008012,4.880368322799165
6.175571177008012,4.880368322799165
6.175571177008012,4.880368322799165
6.175571177008012,4.880368322799165
0,0
6.175571177008012,4.880368322799165
6.175571177008012,4.880368322799165
6.175571177008012,4.880368322799165
6.175571177008012,4.880368322799165
2.78,6.73
6.175571177008012,4.880368322799165
0,0
6.175571177008012,4.880368322799165
4.927495495216872,6.087250196062181
6.175571177008012,4.880368322799165
0,0
0,0
0,0
6.175571177008012,4.880368322799165
0,0
6.175571177008012,4.880368322799165
6.175571177008012,4.880368322799165
6.175571177008012,4.880368322799165
6.175571177008012,4.880368322799165
6.89673307664488,6.517787188812026
6.175571177008012,4.880368322799165
0,0
6.175571177008012,4.880368322799165
0,0
6.963573085846868,4.7799760191846525
6.175571177008012,4.880368322799165
6.175571177008012,4.880368322799165
6.175571177008012,4.880368322799165
6.175571177008012,4.880368322799165
6.175571177008012,4.880368322799165
6.175571177008012,4.880368322799165
6.175571177008012,4.880368322799165
6.175571177008012,4.880368322799165
6.175571177008012,4.880368322799165
6.175571177008012,4.880368322799165
4.1,6.4
6.175571177008012,4.880368322799165
6.175571177008012,4.880368322799165
6.175571177008012,4.880368322799165
6.175571177008012,4.880368322799165
0,0
6.175571177008012,4.880368322799165
4.927495495216872,6.087250196062181
6.175571177008012,4.880368322799165
6.175571177008012,4.880368322799165
6.175571177008012,4.880368322799165
6.89673307664488,6.517787188812026
6.175571177008012,4.880368322799165
6.175571177008012,4.880368322799165
6.175571177008012,4.880368322799165
6.175571177008012,4.880368322799165
6.050000000000001,4.499999999999999
6.175571177008012,4.880368322799165
6.175571177008012,4.880368322799165
6.175571177008012,4.880368322799165
6.175571177008012,4.880368322799165
4.927495495216872,6.087250196062181
6.175571177008012,4.880368322799165
6.175571177008012,4.880368322799165
6.175571177008012,4.880368322799165
6.175571177008012,4.880368322799165
6.175571177008012,4.880368322799165
6.175571177008012,4.880368322799165
6.175571177008012,4.880368322799165
0,0
6.175571177008012,4.880368322799165
6.175571177008012,4.880368322799165
6.175571177008012,4.880368322799165
6.175571177008012,4.880368322799165
6.175571177008012,4.880368322799165
6.175571177008012,4.880368322799165
6.175571177008012,4.880368322799165
6.175571177008012,4.880368322799165
6.175571177008012,4.880368322799165
6.175571177008012,4.880368322799165
6.175571177008012,4.880368322799165
5.8500000000000005,5.75
6.175571177008012,4.880368322799165
6.175571177008012,4.880368322799165
4.1,6.4
6.89673307664488,6.517787188812026
6.175571177008012,4.880368322799165
6.175571177008012,4.880368322799165
6.175571177008012,4.880368322799165
6.175571177008012,4.880368322799165
6.175571177008012,4.880368322799165
6.175571177008012,4.880368322799165
6.175571177008012,4.880368322799165
6.175571177008012,4.880368322799165
6.175571177008012,4.880368322799165
4.191709177138758,6.349833011511018
6.175571177008012,4.880368322799165
6.175571177008012,4.880368322799165
6.175571177008012,4.880368322799165
6.175571177008012,4.880368322799165
6.175571177008012,4.880368322799165
6.175571177008012,4.880368322799165
6.175571177008012,4.880368322799165
6.175571177008012,4.880368322799165
6.175571177008012,4.880368322799165
6.175571177008012,4.880368322799165
6.175571177008012,4.880368322799165
0,0
6.175571177008012,4.880368322799165
6.175571177008012,4.880368322799165
6.175571177008012,4.880368322799165
6.175571177008012,4.880368322799165
6.175571177008012,4.880368322799165
6.175571177008012,4.880368322799165
7.28,5.050000000000001
6.175571177008012,4.880368322799165
6.175571177008012,4.880368322799165
6.175571177008012,4.880368322799165
6.175571177008012,4.880368322799165
6.89673307664488,6.517787188812026
6.050000000000001,4.499999999999999
6.050000000000001,4.499999999999999
7.849999999999999,6.099999999999999
4.927495495216872,6.087250196062181
6.050000000000001,4.499999999999999
0,0
6.050000000000001,4.499999999999999
0,0
6.050000000000001,4.499999999999999
6.175571177008012,4.880368322799165
6.050000000000001,4.499999999999999
6.050000000000001,4.499999999999999
0,0
6.050000000000001,4.499999999999999
6.050000000000001,4.499999999999999
6.050000000000001,4.499999999999999
6.050000000000001,4.499999999999999
4.927495495216872,6.087250196062181
6.050000000000001,4.499999999999999
6.89673307664488,6.517787188812026
0,0
0,0
4.927495495216872,6.087250196062181
2.052981171548117,8.377854109417935
4.927495495216872,6.087250196062181
4.927495495216872,6.087250196062181
