957333534796021762 0 477
1018568298961735681 1 477
780270335622905857 2 494
1018536596650356737 3 494
911774913677193217 10 477
767821076390871044 11 477
302284835 12 477
354385968 13 59
1018484398327463936 14 59
413532217 15 477
1952481338 16 247
1018951644988440576 17 247
260800575 18 55
1018598961723117573 19 55
326828097 20 1
1018647836550889472 21 1
780337237 25 247
934824508996902912 26 2
1018516520777859072 27 2
339312745 28 3
1018529070097760257 29 3
1018531062664876034 30 3
281837680 31 477
104104059 32 55
1018592145014476801 33 55
68026501 34 477
767436745142964224 35 477
521961608 36 145
1018495536654102528 37 145
418742419 38 55
1018505327568998401 39 55
334889109 40 494
922717736488263680 41 145
701202090555789312 46 494
277348585 53 588
1018551208125108224 54 588
787487085460656129 57 31
1018501959450550273 58 31
2496758011 59 4
1018506421078355968 60 4
535331078 65 494
127405849 66 477
187203883 67 55
959270937370681345 68 3
1018521501958594562 69 3
4441080112 70 477
133103939 73 494
3316187460 74 4
990425126461157376 75 588
1018554891130851328 76 588
2898809640 77 588
4614062416 78 31
485884292 85 494
282657164 86 477
101646749 89 477
464355755 92 588
171606463 100 247
227246543 101 55
1018624755866402821 102 55
1068597716 106 16
1018370797918965763 107 16
138772960 110 1
918953716773990401 111 1
803406325 112 477
165937655 115 59
1002439160 116 170
1018718329605967872 117 170
854529563346567168 118 16
46957072 121 477
146211356 122 4
243886854 125 477
178553426 132 247
373457508 133 477
713082720952328192 134 145
710602198955085824 139 145
1018539185655906305 140 145
89326217 141 477
399245977 143 477
374637213 144 477
3294167711 145 477
1208976072 150 477
54035158 151 247
550470359 152 477
359105241 153 16
746433023873327104 156 588
1306002182 159 477
1086817033 160 588
1015629456550121472 161 494
2854454052 162 477
1381008181 165 477
1395131191 166 477
51905339 167 494
104006465 170 145
113083210 171 170
1018546190147817472 172 170
84870006 175 4
35849082 176 247
816834112996732929 177 31
1018511070380658688 178 31
869328739867525120 188 2
1018509406785425408 189 2
121209776 190 1
284689346 192 477
132973521 195 170
310510556 196 477
135300061 197 494
428573662 198 477
111346665 199 477
46302189 202 4
1382286319 203 494
2893349890 204 477
201819139 205 76
1018504832292974592 206 76
504595465 207 477
257917986 212 477
84739113 213 477
182191156 214 477
1018362710415872000 217 477
591430725 218 494
251298904 219 4
1003455595 221 494
2857141378 226 16
780869947207487488 227 247
429556880 230 494
1639154850 231 170
1018729440228982786 232 170
758528404211666945 233 4
4914644158 239 477
832690846432530434 240 477
2981594310 241 1
296486104 244 477
962626777 245 247
1615004894 246 477
58328293 251 477
58918131 253 494
980146124500512768 254 31
146572559 261 477
869860644 268 76
1018542821404487680 269 76
952755088623374336 270 3
2955838792 271 247
3011544396 272 477
297141592 277 55
1018573743487094787 278 55
2480244061 279 2
1018505944806952960 280 2
2416444776 281 247
143623531 282 3
1018531770034216960 283 3
475923820 284 588
1018589370419433473 285 588
809862511 286 477
141821298 287 59
1021019516 288 76
2240677245 289 170
114034063 290 477
25527703 291 1
978126234 294 1
386270620 295 477
859577113082462208 296 494
3050014138 297 588
92214860 298 477
939985621292077056 299 31
51611111 306 76
1018539865774882817 307 76
186091002 308 477
517080574 309 145
506234372 310 59
1018553301791633410 311 59
2988410386 312 1
3015050781 313 494
1006975648726953984 314 55
1018523266967916544 315 55
68027956 322 247
96142910 327 76
1018485005012668416 328 76
889469981133606912 329 2
2336196173 337 170
998294274591608832 338 477
2163377748 339 477
775489049054154752 340 145
609191524 341 477
349210213 342 477
628754033 343 477
119932535 344 477
719015041144467456 345 145
1018546380711911425 346 145
859607769749442560 347 4
1950368023 349 4
1000118616136667137 354 477
255821478 357 247
951965477080793089 359 31
1014781986274148354 364 2
197199586 365 477
994477795 366 3
2344519399 369 76
3003844343 375 2
2720433912 376 4
903604991159660545 377 588
353961745 378 494
927372285597556737 379 170
118589225 380 477
761663287796854784 381 31
2287109958 382 4
981469028 387 59
928022949944180736 390 31
919670698401918976 393 76
1018533484183392256 394 76
51611512 396 55
922186054987337730 399 59
71370636 400 55
261785513 409 59
3316975554 412 4
238290887 413 477
148441059 415 477
3567585253 416 170
1018532794954321921 417 170
942565163999383552 420 76
139266056 421 16
134678540 424 3
944710273432276992 425 4
175933461 426 477
1008753823261880320 427 247
395937822 428 494
1390970918 431 477
260868141 434 494
3013675062 435 4
369330231 436 494
890612493541834752 440 4
993926387730976773 442 477
6817942 451 477
985127753216245762 452 170
362088610 454 16
738160240944812033 456 4
860017187892932608 457 477
4860741804 459 477
1018563787677425664 460 477
196348079 461 247
731984077750865922 462 4
108726468 463 247
1021144099 464 588
861055491597905920 465 76
139626738 467 145
870451454 468 477
209029392 470 477
2188937522 478 3
1018521527418015744 479 3
859597196228009984 486 2
1018503627118469121 487 2
240159070 488 1
1510790886 490 3
988289351707639808 492 494
160369019 494 3
1018528396127567873 495 3
167971198 498 477
318540169 499 76
865259720164225024 500 16
221972881 501 145
286853522 502 494
3054832020 505 76
317524408 508 59
4543580601 509 477
754500922194165760 510 2
993892086 511 55
1018602632603201537 512 55
379357652 513 588
240388566 514 494
1011369531141443590 515 3
1018845367364915200 516 3
237504999 517 4
2323253738 518 59
81136111 519 477
772677536404819968 521 145
419891711 522 247
1003322806531223552 523 16
456180147 531 477
286853685 532 477
305302070 533 247
451611194 534 477
197221849 536 477
59378288 539 477
808425145752834048 540 247
138840694 541 16
194677380 545 477
752296431319339008 546 3
1018531237822992384 547 3
1016183483838935040 548 145
962014620079874048 553 31
710519043254525952 557 76
850527885563711490 558 477
1339951790 559 31
702286518 560 4
2202012344 561 1
3818982074 562 588
748759462832328706 565 494
151063251 568 477
2388003548 571 477
360844026 578 3
855804668 579 247
967023404758028289 580 16
34392514 581 477
2990312211 582 477
793470624660279301 583 76
2387446569 584 2
1018522283483295744 585 2
3418819372 586 247
3148974894 587 494
726065213817102337 591 477
2218822471 595 3
207752010 596 4
389876578 598 76
1067092838 601 477
797130494651564032 602 2
559745903 603 4
119245709 604 588
1018555915786567681 605 588
1018545336334381063 606 588
862325682 610 1
844204986 611 16
944540624 614 477
552242145 617 4
127118507 618 76
131664942 623 477
115215417 624 55
3439692869 627 494
565546067 628 4
1104415830 629 4
448629874 632 477
850408508063232000 644 4
849382572 645 1
164039854 646 59
550571183 647 494
2485554360 650 1
2868874431 651 3
1018532908267724800 652 3
1018531808135262210 653 3
2696481994 654 170
736228100678275072 655 247
2977631440 656 76
273779950 664 477
335023344 665 2
753656304166723584 667 16
355863806 668 16
769209861422800897 674 477
948440388 687 3
974141626485534720 693 477
760997807998328833 696 477
2999487905 700 494
45518310 715 2
626953711 717 247
76221936 718 247
138055154 719 494
154603024 720 3
766545434 721 59
121671200 722 1
731214345435127808 726 3
966504730531856384 727 145
245042765 728 494
933518994212052992 731 59
1704857197 732 16
294240873 735 477
1018535086441074691 736 477
142446207 737 247
561450632 740 477
470716042 741 55
127307404 742 477
151686798 743 247
2614136486 749 477
151916218 751 477
998299981302808576 754 477
131960536 755 4
1219333854 756 477
130977533 758 477
135565055 759 477
2192248581 760 477
472223495 762 477
236687125 765 477
278630169 766 494
170069786 767 477
92147488 768 477
941012641467846657 772 2
976650533040570368 773 55
1915588406 774 2
1018545647190831104 775 2
123309881 778 477
1017297114358059008 779 3
501419840 780 247
82756235 781 76
474222412 782 477
96767825 783 76
1018626185377480705 784 76
276631400 788 477
990681725226405888 789 477
508280461 790 247
983781615410311168 795 145
1018535112760283137 796 145
281579408 800 59
1206357912 804 170
100011936 805 55
993651276335460352 808 16
300453821 810 59
1005227215758544898 811 31
771508771138834434 827 4
1004155506167091203 828 16
907631971974746118 830 477
999765724381024265 833 2
1212551185 834 477
878241775932108800 835 31
160370713 836 477
64393243 837 247
220008481 839 477
945016181626417152 840 3
4194209832 841 145
1018544776218578945 842 145
993730175048339456 843 31
4865298542 849 477
1018543267128979457 850 477
2924318850 857 16
583438474 859 4
996317077727207424 863 31
2648567151 864 170
165417116 865 16
758767989009289217 866 247
113512617 867 477
896188199235715072 868 588
932286637 869 59
954330354340462593 870 2
135467213 875 588
131698901 876 4
973323495861080064 877 145
380965123 882 4
119083270 883 59
328339731 886 145
3390345501 887 2
2390135086 891 145
310087987 894 494
903008912068268032 895 16
196592353 897 477
3280933208 899 4
4693496179 905 1
55906687 906 477
88084870 907 76
1516736922 909 588
946823484495355905 910 31
433426874 915 588
991460511324622848 916 31
2422673896 919 16
890119922759729152 926 588
1018560863106723841 927 588
587829771 928 247
2952499732 929 477
136843797 930 247
974492197 933 2
134972175 940 3
211980906 943 59
70455922 944 477
138547844 948 477
739604596163760128 949 494
126358152 950 477
2323852739 952 145
154931860 953 477
257266332 954 477
730107661082054657 955 494
369791657 956 494
445911751 959 494
138973898 960 477
287445715 963 477
927013076976721920 964 477
739909149648166912 965 477
804482666573758464 966 477
4164522745 970 477
847218974878302208 979 247
961793114292850689 980 477
2713752367 981 59
2316047156 982 494
259953461 983 76
3600683833 985 55
785912634 986 494
994814429110919170 987 31
188519264 989 145
1710560101 990 145
1325536147 991 3
1018536746705981442 992 3
1018534170929217536 993 3
1018521938904408068 994 3
1018521369032740864 995 3
1018534311736283136 996 3
1018540048877281283 997 3
1018532315037884416 998 3
189089735 999 477
864677652971565056 1000 55
151950267 1001 1
130552782 1002 477
145724373 1003 59
1892029405 1004 247
392910653 1005 477
18781170 1006 1
475108341 1007 247
549721087 1008 477
159150222 1014 477
563745850 1016 247
3091698748 1017 247
473633859 1018 477
987016922620362752 1021 4
103978057 1022 477
37940750 1023 588
478778460 1026 477
68916322 1027 59
253170802 1030 477
120231037 1031 76
111711361 1032 55
952990970815090688 1033 31
1009915063 1048 59
3028817085 1049 494
1003782311673040896 1050 3
716117185 1051 494
2500629714 1053 477
970057498613854208 1054 477
64263405 1055 477
930124391635177472 1056 2
252286209 1058 477
893805414336393216 1062 31
45116975 1064 494
718800928103464960 1065 4
262882182 1069 588
104200921 1077 477
162239819 1078 477
141989197 1079 59
3989935444 1082 247
1312768910 1083 477
4101641559 1084 2
1438946659 1087 170
886015817720221696 1089 4
2853574006 1091 145
2900596113 1093 477
237376921 1095 247
350688688 1097 494
409966003 1098 59
108205508 1100 494
1457657288 1101 4
1559139786 1104 16
954298294372454400 1108 494
968913190145941504 1113 1
61211560 1114 477
64722418 1115 247
732173814 1116 477
232527380 1120 2
901607797082730496 1122 2
716118169077751808 1123 170
196865629 1124 55
932456870761172995 1128 494
1334974032 1131 247
28612185 1133 477
371299937 1134 477
1015778148259164162 1136 16
945356224807149568 1140 31
1646270088 1141 477
331945623 1142 494
596121245 1143 477
105944734 1144 588
1905727135 1145 170
1006935522588151809 1146 494
4341831335 1147 170
2908919471 1148 4
227448503 1151 4
518264505 1152 59
1002634328923205632 1153 31
318674622 1156 59
1017255620 1159 16
3048478424 1162 477
131897078 1164 76
889675246051184644 1165 494
345642754 1166 55
633018126 1168 145
117282577 1169 4
985274143 1171 477
484808487 1172 247
41905803 1178 477
1799132996 1179 170
556472176 1183 477
3226474355 1184 247
116856709 1188 477
348772676 1189 477
115251099 1190 247
578656159 1192 145
932262877498626049 1195 59
219879356 1196 588
774969282 1197 588
340563913 1198 494
246323161 1199 4
1881872347 1200 59
77305821 1201 3
2183436276 1205 4
784163187662819328 1206 31
429529116 1208 477
836474911 1209 247
1619171388 1214 247
300455999 1216 247
1497372745 1217 477
296556619 1218 494
2363430991 1219 477
791779412 1220 477
129636446 1221 31
1018508841770737666 1222 31
161028192 1223 494
192813419 1225 477
781982473441972224 1226 2
996290829437333504 1227 4
1016843415567380480 1231 16
468621481 1232 16
629938352 1234 170
837496796276527106 1238 3
1611602118 1239 247
184883402 1240 247
987822171820052480 1241 247
564238554 1242 477
4063172834 1243 2
217815270 1245 4
273914092 1246 3
1018529997651431424 1247 3
996593805905317888 1248 59
997461976170352641 1250 494
3019774227 1252 494
148969762 1253 16
982991269331984384 1254 494
482220327 1255 477
910988588921257985 1257 2
76924885 1258 59
986690533031596037 1259 588
130750791 1260 494
2679445834 1263 170
346790234 1267 588
2950764891 1268 55
2975832417 1269 477
914285453699899393 1272 31
402233728 1275 55
530880901 1276 16
205756830 1283 494
2722339235 1284 55
193894824 1286 477
879881035483234304 1288 477
2993723830 1289 4
335452608 1291 494
105716184 1293 59
4852084475 1295 494
317889005 1296 477
802537236067733504 1297 477
110893558 1298 477
735194480421277696 1300 170
548837887 1301 4
2792692224 1302 4
365533703 1303 247
593369612 1304 477
918171536078413824 1308 588
998688407500017666 1309 588
2744523329 1316 494
146545251 1319 588
1010604597835157504 1320 4
141105786 1321 76
2724065046 1324 31
1022892686 1325 494
408558232 1328 494
1017230284008411137 1335 4
930498320031764482 1336 16
2154371786 1337 1
175184588 1338 477
4042070746 1339 170
953118282558533632 1340 3
757624706656825344 1341 16
2949257955 1342 477
986428187675693056 1343 55
973608074333192192 1344 477
4459174654 1345 2
942157972419072001 1346 1
1265638158 1347 4
2561016963 1350 477
813891822078611461 1352 477
2212010784 1355 247
258841378 1356 76
718879348430872577 1362 247
3271891776 1363 3
342858561 1364 494
271489865 1367 494
4159576932 1372 494
832881902482812928 1373 16
2395544438 1374 247
117250939 1375 477
1323015055 1377 477
473504660 1378 59
3302071202 1379 4
971719960094486528 1380 31
442407854 1382 145
585309123 1390 4
157555667 1395 477
931863512 1396 247
1002957300997468160 1398 477
1297128432 1400 247
1274190841 1401 477
160734205 1402 55
1011374290657333248 1403 16
2176719896 1404 59
455351332 1406 16
203725861 1407 477
221617196 1410 170
599628852 1411 477
848469054 1412 477
304061513 1416 477
920394829 1419 59
142744656 1420 477
1120607328 1422 477
182951010 1423 55
449027180 1424 588
709204050122768384 1427 170
158538877 1430 494
414522509 1431 76
132717770 1438 477
827289118124232708 1439 494
291216606 1446 477
93755941 1447 170
3179453670 1448 477
2550963438 1449 55
883334431 1456 2
2677873959 1457 494
270540078 1458 477
21208367 1459 494
2605423924 1462 59
765025945312899072 1464 145
159718734 1466 16
384114037 1473 4
2828574072 1474 477
272685631 1475 3
2152635808 1478 588
628858280 1479 3
54730185 1484 477
980534700333785089 1487 3
973316988025098240 1490 59
981261707975839746 1493 31
961409057780355072 1494 477
2232819189 1495 1
1011391962648367110 1498 247
243375619 1500 76
897179968186208256 1501 55
183016994 1504 494
224108078 1507 477
934549420670152704 1508 2
325590584 1509 588
363929147 1510 2
229187139 1511 55
3086523972 1512 3
2889161313 1513 1
985770311525126144 1514 588
916748157152845825 1515 2
3102547562 1516 477
928489069 1517 477
97984130 1519 4
3000508048 1520 477
4060651212 1526 145
99131117 1529 477
909220477 1530 494
787160820 1531 477
192192246 1532 1
1018564293284024325 1533 1
126754556 1534 4
191602434 1535 477
1045045004 1537 4
184687238 1543 477
985684263654670336 1544 2
927694263164469249 1545 588
409673531 1546 4
3165396807 1547 31
4904787792 1548 477
310564255 1549 145
319756942 1550 4
190259031 1551 477
208248674 1553 477
1003096560085987328 1554 494
201868612 1557 477
2318180252 1558 4
577707947 1565 477
895131650543075329 1566 4
1687134169 1567 247
994373629 1569 3
771342476561018880 1570 59
269590526 1571 247
192651266 1576 477
918056717967007747 1577 31
714872484814651392 1581 145
1018525093196992513 1582 145
946231231611629569 1583 477
413474826 1584 31
992867806164250625 1585 16
146907159 1586 170
862977335972245508 1587 170
875228328709337093 1589 1
4333084709 1593 145
709892108463636482 1599 494
214310999 1601 477
2185371748 1603 477
1544822899 1605 477
960851544936669184 1607 477
263004327 1611 247
859113760040079361 1612 2
1000546495 1614 76
991376623084687361 1615 31
50860034 1616 477
716056621659500544 1617 477
575676621 1618 477
576594137 1620 477
75014385 1621 477
4347142395 1623 477
878833355885817858 1624 2
215490828 1625 55
215490829 1626 59
2725454098 1628 477
4246577427 1629 477
67017434 1632 477
227844393 1633 477
2203099441 1636 3
586785085 1638 170
128000325 1639 477
2337448272 1641 247
895500418268241920 1642 4
2476089685 1643 59
3079414112 1646 477
2952175978 1647 477
3202392443 1650 494
226632060 1651 477
142025130 1654 477
806003119 1656 76
126427570 1657 477
803054006 1658 247
4861469119 1659 477
903886045967785984 1661 477
1014079962 1663 59
928538660408045569 1664 494
1014643480029728769 1665 2
944489152996720640 1679 170
14754320 1680 477
3148685855 1681 477
467870245 1685 588
183050844 1696 477
239486395 1697 145
928619282 1703 477
107258483 1704 588
717895530777587714 1705 477
1096786554 1706 477
2809832060 1708 4
285123205 1711 477
2571707023 1712 477
2821890729 1716 588
1640276694 1722 76
729220622065278976 1725 494
3163235071 1727 4
989622092500033537 1731 59
2677383961 1732 477
2867962653 1733 4
982874615419756544 1734 4
785641614 1741 477
1265541974 1742 477
238330716 1743 477
720396623264817153 1744 16
974069434028523520 1747 477
118858647 1749 59
1679532955 1750 477
545825701 1752 3
937737395012763649 1755 477
3246236606 1756 494
3067225024 1757 145
701837262481440768 1761 477
57091026 1762 494
996898635127410688 1765 55
2698617852 1766 477
2459116542 1767 3
738948346333659136 1770 588
1279337484 1771 16
746325942335733761 1775 477
268641336 1779 494
4724663359 1780 2
137143379 1783 55
916883806052896768 1786 59
1173038203 1789 477
2952406173 1793 494
3385336997 1794 477
909110952393572353 1798 477
45229241 1801 588
494675163 1810 494
919327545920802817 1811 31
2416420069 1812 477
103294183 1813 1
930991343995949056 1818 2
314549531 1820 59
722900460399493120 1821 3
969023058135715840 1822 170
66725186 1823 477
186910262 1824 494
4042270037 1828 247
893327020423335936 1835 4
38806897 1836 494
379356734 1838 588
111060375 1845 145
923354144936689664 1846 55
2802886084 1851 170
182527438 1852 477
980074185786568704 1853 3
3509429714 1854 477
222701023 1855 477
1016079848 1857 477
753608190 1862 4
2207786497 1863 477
172009000 1869 477
942482989 1870 4
186328651 1875 247
3964446374 1887 4
320153264 1888 494
856980745721712640 1889 2
2437129934 1890 247
186230495 1894 76
315238119 1897 145
981676377798856704 1905 59
601204499 1906 16
179545901 1908 477
3172476775 1912 477
991085891643850752 1913 1
391030653 1914 477
1013210673470427138 1915 477
116598681 1919 494
884273220207222785 1920 2
1645815732 1925 477
326412231 1926 477
2784667601 1929 4
73934802 1930 55
36710361 1931 4
425401338 1932 477
907643126566805504 1933 494
198280870 1934 477
229189608 1935 477
967946189751668736 1936 477
492480500 1937 3
4729579518 1938 145
159623171 1939 588
975065808618471425 1940 477
440346661 1943 477
2549819452 1945 247
161884227 1948 477
4721420361 1949 3
884965094299455488 1950 31
2916886623 1952 477
180136035 1953 477
4519962740 1955 145
739167046332645380 1956 31
4613941397 1957 59
67236209 1958 477
31172778 1959 3
3249449131 1960 4
56895668 1961 477
765228328840224768 1962 477
244361424 1963 477
723999321612541952 1968 59
158509312 1971 477
2393385229 1972 477
64465172 1975 477
196290843 1978 588
1014184770207612934 1979 16
887483837126774785 1982 31
217819450 1983 477
1403595121 1984 3
598649205 1985 4
1016342105969569792 1988 2
896532633198505984 1989 588
222308778 1993 55
141666749 1996 477
369273284 1998 76
10856902 1999 247
324151755 2001 59
986635532447858688 2003 477
3218745817 2004 4
374313620 2006 477
967190129566797825 2008 4
187050512 2010 4
308128275 2011 477
128100889 2012 1
4396034594 2015 4
825448206578352129 2019 477
159623739 2020 477
3730680382 2021 247
971818310760267776 2022 477
926950987012681728 2023 170
3196168797 2025 247
155036282 2030 170
1358080640 2031 494
4192807573 2034 145
2772256537 2035 4
1011302296158814213 2036 477
4890620358 2038 3
743540846268653568 2039 3
314387113 2040 477
213953222 2044 477
3280089553 2049 4
2352327402 2050 4
313502484 2059 494
791671020579160064 2062 170
1372203823 2063 477
879040386 2066 494
773405107899736065 2067 31
226208581 2068 145
234892103 2069 170
955853647 2070 477
368094033 2071 477
136162146 2075 59
122104675 2076 145
4380699493 2077 145
967381111193006081 2078 31
972139387 2079 494
871085348847206400 2080 588
119516059 2084 4
160443295 2085 477
179317685 2089 477
132918221 2093 477
80882652 2094 76
232106976 2095 588
996559758768271360 2098 477
415986175 2099 3
141339684 2105 477
3124472883 2109 477
994096311292039168 2110 494
758835996167331840 2116 477
121482387 2117 477
764274516981723136 2120 4
2644716741 2123 477
33205454 2124 59
959074764563341313 2125 31
161459415 2126 247
33008864 2129 477
889830648315338752 2131 145
325790972 2132 477
1017818957238145024 2133 16
242789632 2134 3
60599585 2139 55
141733158 2140 16
1621210454 2144 588
560803142 2145 3
943182069726838784 2146 477
198356316 2147 494
911763984507797504 2148 31
183053669 2149 588
1289989506 2151 247
781894275734921217 2152 31
2566532497 2153 4
818121820230586368 2157 59
2316184999 2159 76
552185283 2161 477
353086916 2162 76
1017982406 2163 3
928671836732297218 2166 170
821011957989965824 2167 16
55127528 2169 494
981387015613796352 2170 31
804345519866781696 2171 2
1009110830846115841 2172 477
180968705 2174 76
989426617368825856 2175 477
1042591298 2181 59
275230304 2182 3
55455329 2183 477
4149227113 2184 145
128986738 2185 4
1868443273 2187 247
950915038008750080 2191 477
3372297899 2192 477
66891461 2193 55
132346487 2194 1
240955096 2195 477
95891199 2198 588
983609096 2199 3
193048330 2200 4
554839825 2201 247
1694609179 2202 59
770781035533565954 2203 477
1011254702036733953 2206 247
979570599881265153 2211 31
45166396 2212 494
32157501 2213 477
1550954305 2214 170
41856840 2215 477
50343762 2218 477
997237071734562816 2219 31
283258754 2223 477
2574600173 2224 59
128757675 2226 588
1018586576312504320 2227 588
795061780728922112 2228 4
65286815 2229 588
2886873027 2232 477
964540034664759296 2235 55
93728729 2236 477
67416037 2237 59
3255840756 2242 477
776102505092558853 2250 3
331395110 2254 59
118239297 2258 477
164114500 2260 170
167555149 2261 247
712618080 2265 477
3771904097 2266 477
722819484944371712 2267 31
1007066759348785153 2269 477
130560116 2272 477
164049030 2275 477
959979064068108288 2276 2
200618143 2277 588
176730278 2279 494
992909565598593026 2280 2
2381000876 2281 477
2745020601 2282 494
68498127 2285 477
385069291 2287 4
122237184 2289 477
155955478 2294 477
76198173 2296 477
497561887 2297 588
190624049 2301 247
990423565806731265 2302 145
3256070460 2304 1
742860255890157568 2306 16
3739529596 2312 247
59584901 2314 588
3043537295 2315 4
585052586 2316 477
315830712 2319 477
940199051492020224 2320 16
104935912 2322 477
803451372 2323 588
88153512 2325 477
281293301 2326 588
752983264797884416 2327 16
393130498 2329 477
290173455 2331 1
3338908197 2333 477
616673837 2334 477
985261650126098432 2340 494
920150109605777408 2343 31
924611019623804930 2346 31
2772844548 2347 59
112112268 2350 170
567718559 2353 145
125186747 2357 1
738833090 2358 3
922285914084335616 2361 59
207210617 2362 477
1383609049 2363 477
16528094 2366 477
115978980 2368 145
242561774 2371 477
4443878127 2372 494
85177083 2373 247
879663677196165120 2378 494
3672847111 2379 477
553661272 2386 477
1011638166267318272 2393 16
722156665395625985 2396 59
2620109706 2399 55
153564070 2404 477
376484799 2407 494
145306569 2408 4
1637888972 2409 477
150090728 2413 55
1383248893 2416 3
785556152436293632 2417 145
94778377 2418 477
959844331950690304 2419 59
51655709 2420 55
861353367234326533 2423 494
999418286621196288 2427 16
412529747 2428 588
730431965975986177 2432 59
734861691738030084 2433 55
959119001195606016 2436 76
1007826836502601734 2437 477
1049015480 2445 477
710254412640288768 2446 477
283784400 2447 477
917907943932166144 2448 4
930886904 2454 477
138622207 2457 477
703730257438769153 2461 2
395687194 2465 477
771513633725710336 2467 16
3149116723 2468 477
34092343 2469 477
4831950155 2472 4
1012144976073932800 2476 588
1018539148037246984 2477 588
123614558 2480 76
100283749 2481 477
1906619760 2482 55
393164151 2483 494
600749442 2484 4
41923974 2485 477
2579477904 2486 4
369112475 2487 494
989185519430111234 2492 31
165098931 2493 247
360396213 2494 494
68695483 2495 1
3273668052 2500 494
1447376377 2507 494
725784463230287872 2511 247
1056535472 2513 2
313701933 2515 4
142063154 2517 477
840386717664329730 2520 2
595998288 2524 588
2993469017 2528 4
458798699 2534 76
980510325215809536 2535 31
1087518324 2536 55
938661573660352512 2540 170
2206031468 2541 494
258455203 2546 59
233027239 2547 477
259241658 2549 477
373536472 2555 247
328316633 2556 477
3022501600 2560 3
945253546760527872 2561 4
419772133 2562 477
1017820416612716544 2565 31
233060084 2566 3
161494776 2567 477
535410429 2568 494
714848007 2571 170
893999593238736896 2575 2
62175014 2576 477
331921192 2577 494
1367848752 2578 477
1460975412 2579 477
900553593295601664 2580 16
500479818 2581 477
911666676592201728 2582 2
2993043280 2583 477
890692401744027648 2584 588
120665961 2586 477
185055122 2593 477
880459426221760513 2595 55
949054858711138304 2602 494
769957448841064449 2604 2
838948458610507776 2605 4
261896182 2606 477
71645181 2607 588
138065924 2608 1
122206233 2611 1
951472039252189184 2612 477
729521840792731649 2613 494
312260661 2614 494
169195574 2615 494
4502894654 2618 145
733126217117786112 2619 145
357513311 2621 247
355022947 2622 477
2548349049 2623 4
594262147 2625 59
1015593110 2627 247
2492774554 2629 55
49821852 2630 59
122566817 2631 477
104380613 2637 55
358791379 2640 494
1015284751844958208 2642 3
55687395 2643 477
144914662 2644 16
140654825 2645 588
272283884 2646 4
309803245 2647 477
4709529889 2649 4
221165873 2650 588
2891757890 2652 1
709797507996450816 2653 477
907384422953046016 2654 477
151117540 2655 477
131905882 2656 477
581319012 2658 494
419084647 2659 477
1931590003 2662 477
602093954 2664 477
1329838471 2665 16
2215294018 2666 494
953358108037873665 2674 2
2452306381 2678 494
4377282982 2680 477
115489270 2682 588
223525388 2684 1
89766417 2685 76
2923411989 2686 170
163887645 2687 247
1257454110 2688 247
110737975 2691 170
2711796285 2692 247
994418844344123392 2694 170
140524108 2695 4
385563222 2697 477
310852186 2698 4
343751277 2700 494
154909318 2701 59
215370178 2702 477
878656158 2707 494
747256495 2709 588
769326854 2710 588
1014717917907308545 2711 2
933105059864379392 2712 31
134658769 2715 494
157465303 2716 59
1002335969528311808 2717 477
944043711482253312 2720 76
162806511 2721 588
231226102 2723 16
66271999 2724 3
2932652835 2730 477
988588286171066368 2731 588
297581350 2732 59
1049312042 2733 4
44481355 2737 477
243743564 2738 477
109165393 2739 477
66239343 2742 76
575912829 2749 76
949402494 2750 145
1909832580 2751 76
588790684 2754 494
301546401 2755 1
199100913 2758 494
70761385 2759 477
143965105 2761 4
703436270823837696 2764 55
507657159 2765 477
991145306690605056 2767 477
150092760 2768 477
243579885 2773 494
792418898679398400 2775 477
37534732 2776 477
960574144827011072 2779 16
348011558 2780 494
3027825842 2781 247
2888787021 2782 4
859618323490897922 2784 31
445103173 2785 247
1352580174 2786 145
2511551580 2787 247
1003467372525600768 2788 145
160254480 2789 4
172506224 2791 145
119618685 2793 76
750904911534194692 2794 2
194264196 2796 247
3307748506 2801 477
3092921518 2802 477
2357083319 2803 477
868465854 2804 477
479608001 2805 477
933504862293315584 2808 588
990573489345220608 2809 16
113229039 2810 477
63159550 2812 477
1858747669 2815 477
2294037782 2816 31
259439940 2819 477
229326159 2820 1
883650890770591744 2822 16
783508474386800640 2823 494
3286056301 2824 494
340933998 2825 477
346799476 2827 477
362593655 2828 477
210550142 2829 477
909483853596815361 2832 477
2845326745 2836 494
1646064884 2838 4
302398940 2843 59
210198437 2844 477
1005300772794486790 2848 477
746030849661898752 2849 4
133479933 2851 588
4216798754 2860 247
845846299748581377 2861 3
373636647 2862 477
245022254 2863 247
343785010 2866 477
1263189560 2867 4
1085062746 2871 55
3229924974 2875 2
767578657028268033 2876 477
1537990591 2878 477
713227866314387456 2880 4
286408342 2886 55
49135256 2887 477
305249971 2891 16
985028735236702208 2893 2
4880656994 2897 55
182238944 2899 477
2703245036 2902 4
72433399 2903 477
477118250 2913 477
121945899 2914 477
3243425594 2917 3
185846415 2921 477
61620075 2925 4
183648139 2927 4
2265038767 2934 247
90394628 2938 588
142426067 2939 494
3117170646 2941 477
296566746 2942 3
996782954880864257 2945 494
1004138110903603200 2947 16
702498651826954240 2948 3
863059371894468609 2957 145
485638186 2961 494
261537844 2962 4
275660854 2963 247
282591234 2966 477
797234655959334913 2968 2
1266499658 2969 1
222707790 2970 477
203407450 2974 1
758422514104016896 2978 145
369082483 2979 477
103858314 2982 59
2371797147 2984 477
1018518605208739842 2985 477
2395226278 2989 247
605143217 2992 59
988853887485534208 2996 31
809440399785885696 2997 247
1905246481 3003 247
144294173 3004 477
985317668 3006 494
266944808 3007 170
1018678239273897984 3008 170
141967686 3011 16
1008842530262220800 3012 16
247120211 3014 477
174801254 3015 477
289685885 3016 477
749791409872318464 3018 4
746275207 3019 477
430162321 3020 494
479478164 3021 4
519094683 3022 1
925836665532440577 3024 31
800736667564789760 3027 477
944239010293141505 3028 31
102875616 3032 59
717172874923126785 3033 247
794321697813860352 3035 31
750141950 3036 477
760256842954145792 3037 477
66306577 3039 4
1163411994 3040 477
167658033 3043 477
2551136820 3045 4
939316706815692800 3049 4
1529365075 3050 16
1347442548 3051 59
936962903437139968 3054 4
83214952 3056 477
374293113 3057 477
392381067 3059 477
3231302289 3060 247
864842753053786113 3061 3
948899219120717824 3064 16
4179673821 3069 588
2255373030 3070 477
2377171692 3072 494
255869721 3078 76
241681180 3079 477
926514215904522240 3082 477
2662160456 3083 4
2391327546 3084 477
3041018716 3086 170
310526833 3090 1
792413066 3094 4
312951694 3095 247
619070353 3096 477
138757011 3097 477
3327083413 3098 76
219890586 3100 477
2382906284 3106 145
93799361 3107 494
834388934 3108 477
456967113 3109 477
842816040765669376 3110 477
178471897 3112 1
878276244583968768 3115 588
145015819 3116 16
526926867 3117 145
2202387510 3122 477
2523579449 3123 588
278709315 3124 76
370328652 3127 76
1005912908507832321 3128 31
998266508731146240 3131 2
1323484286 3132 477
3193816202 3133 3
801181820842872833 3134 477
802840771 3135 477
2252686490 3136 4
71287982 3137 477
769402939299487744 3138 4
957335096926744576 3145 3
992997279945707520 3152 145
872612064526831617 3155 2
894414119561854976 3156 2
740400637129674757 3157 4
2559264078 3159 477
710133086 3163 4
151740646 3165 76
260326785 3169 477
776188459195084800 3171 145
1013425395876671488 3175 16
1593918907 3177 31
243877309 3178 477
3959600716 3180 588
984246484542476288 3183 477
224904673 3184 477
797629755659001856 3186 31
791256585083334660 3189 477
1417102848 3190 494
115099146 3191 55
74270231 3192 145
144328232 3193 16
513525321 3197 588
901528535667494912 3198 2
19482204 3201 477
2972075613 3202 2
199280223 3203 55
1275545214 3209 588
333039247 3211 477
3194668749 3220 477
469780183 3221 477
198526689 3222 59
357254892 3225 494
2708883213 3229 247
190400281 3230 247
2743322419 3231 1
114739006 3237 477
136824645 3238 247
972576182410543104 3239 31
112014991 3240 76
112445347 3251 477
990234385688358913 3252 2
149309374 3254 247
984575895078932480 3255 76
40159181 3256 477
156770645 3263 1
911122184805822464 3264 477
987777043 3267 1
962804607041728517 3269 145
905995786546057217 3272 477
151242837 3276 477
101566558 3278 247
212355179 3279 477
431769727 3283 477
548719638 3284 477
2894678157 3285 477
202754248 3293 477
1017163045838184448 3297 16
359057625 3298 588
739925552937603072 3299 2
29346049 3300 4
234572046 3301 4
3996403992 3302 4
346961627 3305 2
300103393 3309 76
1335511368 3310 477
997345615 3311 477
2493008215 3312 477
91409475 3320 477
785435530628595712 3323 59
161958338 3324 494
356370889 3327 588
1018611282616995843 3328 588
722946517 3331 247
992299478 3332 76
3982739974 3337 31
141576722 3339 16
890001266239320065 3342 247
857772377676980224 3343 2
921876205737054208 3344 4
747874629553881088 3345 31
489049193 3353 477
189191678 3354 494
148818559 3357 494
932286799631863808 3361 247
316590742 3362 170
127158951 3364 76
769678540161687553 3365 4
262425295 3368 1
2269858513 3369 477
966706932693291009 3373 76
3293104915 3374 76
221891392 3382 3
773966746743078912 3383 2
2826980184 3385 477
353454952 3387 59
3464088434 3390 494
964327230 3391 477
490654584 3392 477
280349568 3393 477
163302275 3396 247
2206550930 3401 3
1007993609919098880 3402 16
2556873627 3403 494
981611081377468418 3404 59
124013531 3409 1
2848607217 3410 247
991397462794559488 3412 247
133483511 3413 4
983872292395540480 3423 31
992541310199521280 3424 2
1014851682495279104 3425 2
3011693606 3426 477
733341860157100032 3429 3
595037366 3430 170
237096022 3432 55
4759997533 3434 4
206359657 3436 55
41536635 3439 55
95472777 3441 477
4412591243 3442 477
924450891125739520 3443 477
1976585360 3444 247
93763439 3448 477
103649282 3452 477
709485916490825728 3453 494
461753554 3455 477
52645076 3456 59
310594780 3457 494
2183154914 3459 2
103697635 3460 588
92294391 3467 477
1370574072 3468 4
60476669 3470 1
2569817358 3471 477
1105251601 3472 477
118508844 3473 477
2896153909 3474 3
722449643246714880 3475 3
724743795011670016 3477 477
978832723 3478 588
4217326939 3480 477
2396933474 3482 4
315411689 3483 477
161828222 3484 145
2225196416 3485 477
438816145 3488 55
2310884788 3491 247
127028672 3492 477
158977476 3493 494
882061356727402496 3494 247
108514762 3496 477
365841869 3497 494
383252387 3498 494
549146084 3501 76
3463564813 3508 588
124046863 3509 55
897897405743484928 3510 3
374918707 3512 170
104517229 3518 477
2239254133 3520 477
868898393975910400 3521 477
826179124012003328 3523 477
717054811938553858 3524 55
965900369837649920 3527 145
3152268959 3528 1
137744059 3536 59
810831558 3540 76
1084935930 3545 76
302141180 3546 477
1358548758 3548 59
4560113437 3549 477
861406027228557312 3550 477
564317991 3551 494
128995120 3552 477
67784499 3555 4
1529564988 3556 588
869321348681748480 3560 247
156225363 3561 59
371937124 3563 588
1210273663 3568 2
135253904 3571 59
124309395 3572 477
77352858 3573 3
467029917 3575 477
714103247997284352 3576 494
990669723460349952 3577 494
1018545422959370241 3578 494
129945510 3579 494
3090501544 3580 76
252694452 3583 494
414404534 3584 4
3088338895 3593 477
17911761 3594 3
50909139 3595 477
155766742 3596 170
362827760 3600 494
1018235536341897216 3601 588
1018612384250908672 3602 588
212062206 3603 477
944558094 3609 59
199970839 3610 477
983840774 3612 59
341856299 3613 494
975055815999721472 3615 59
158683205 3616 59
953748295427424256 3617 2
2514276457 3619 145
47534195 3620 477
22433912 3621 477
612552841 3622 2
128766092 3623 55
141042370 3624 59
1014236574438092800 3627 2
721506458 3628 477
3507310753 3629 31
273141941 3630 59
958551141167566848 3631 477
3146830021 3632 31
2604388561 3636 477
105042136 3637 4
69456095 3638 59
268488928 3639 76
311185639 3641 59
123588860 3645 59
2804502781 3646 494
480825600 3648 494
942032465220300801 3649 4
2285194628 3652 477
3195588902 3654 4
245616945 3657 16
993808712 3659 247
933857720335138816 3661 4
2802176351 3662 55
827994952693067776 3665 477
1016312343985360897 3668 16
140890546 3669 477
631296436 3671 477
396326986 3672 477
1007379547904409600 3673 16
565039568 3674 247
214749660 3675 494
972616329298620417 3676 494
85742065 3679 2
447795701 3680 477
330650138 3684 477
836288724212264965 3685 477
376525385 3691 247
750497082725765120 3694 477
95769189 3695 477
814982149497638912 3696 477
810348016544653312 3697 477
1018546643375828994 3698 477
557404785 3699 2
175886963 3700 55
87609988 3703 76
2987610764 3704 477
166430775 3710 477
108028705 3714 477
1000216741564252160 3715 494
730053844021956609 3716 16
928434868693946368 3717 4
223171294 3718 477
1107907303 3719 247
981871464344408064 3720 16
753796122674536449 3723 59
113365766 3724 477
59364103 3725 477
3301004072 3728 494
822760254 3729 477
3114193730 3730 31
1105318854 3744 2
2785858503 3745 477
327504842 3746 477
82006996 3747 55
149705689 3748 59
536302568 3751 1
213767149 3752 1
4411118593 3755 477
489542661 3756 145
995147114408824832 3757 2
1003819831739731968 3758 16
67621917 3759 477
127423529 3761 477
2828293162 3762 59
402347051 3763 477
1018114456314941441 3764 4
221500472 3766 477
319575102 3768 477
453465157 3769 170
984714776 3777 4
4276507823 3779 4
111662269 3782 477
2422133952 3783 4
79254734 3785 3
1020089558 3786 477
98882777 3787 494
934240808181600257 3790 2
911977472446648320 3791 1
1006064224790024192 3793 170
129062143 3794 4
164287753 3797 1
37213469 3800 1
442914086 3802 3
964936376176160769 3803 477
370726207 3804 477
305845570 3805 247
195417411 3806 477
101143890 3807 145
3311424851 3808 16
262722906 3809 247
5363042 3810 3
952298215075917824 3815 16
290706839 3816 4
2162120122 3817 477
1008383789578498051 3818 76
625694198 3821 55
123295225 3822 477
114742778 3823 477
3252278780 3824 59
2421609993 3827 494
312301115 3830 76
161568324 3831 477
294868553 3832 4
920027644858650624 3833 477
957774441819328512 3835 477
2232505963 3837 2
155014767 3838 477
277534340 3839 477
573757061 3840 1
4830353031 3841 3
2737821334 3844 59
2258130608 3845 145
2748044992 3848 588
2165528264 3850 588
1004061308931723264 3853 55
1388402383 3854 247
89249489 3855 4
88069850 3858 477
1253332705 3860 3
126605026 3861 477
405100284 3866 494
937141857573834752 3867 477
613635842 3868 4
857768601830531072 3869 2
961074911618809856 3870 588
2416774790 3874 477
128039217 3875 494
105699128 3876 494
780526083934416896 3877 477
314005320 3879 477
141940558 3880 16
1541199702 3882 31
376624987 3884 4
384522078 3885 247
1011332948249886720 3888 4
1465964406 3889 477
206821240 3890 477
212326268 3891 477
1380013951 3892 76
866441934251929602 3893 2
186439564 3894 247
825754564251021313 3898 2
360667059 3901 477
1104730058 3904 588
862838990759657472 3907 59
837410988706185216 3910 588
970343586469380100 3911 3
374331384 3912 1
821316003137253380 3913 3
131061766 3914 477
140204053 3915 59
2371016732 3916 494
550033442 3917 59
732853046850490368 3918 494
2728089638 3919 2
940015891596693504 3920 2
761736502959144960 3922 55
1015062394987479040 3923 59
112908362 3924 55
217829047 3925 477
2463881304 3926 588
397269091 3928 494
2148653171 3931 477
2595739767 3933 170
94888980 3934 477
484857978 3935 55
260888704 3936 477
952304583543582721 3937 31
3730012526 3939 76
218683546 3940 477
959083463252029440 3941 2
138205352 3942 477
72833207 3944 59
82008248 3945 477
2755549378 3947 3
975697125739782144 3950 2
153540828 3951 170
178502013 3952 55
1969707248 3953 477
227203332 3957 1
244078860 3960 59
802707738 3962 494
584341793 3963 247
985632268042604545 3965 477
940839967433134080 3966 477
457660740 3967 477
2393135430 3968 1
2417776982 3973 477
936941820751335425 3975 588
2444482909 3976 4
792353120 3977 477
416668027 3981 477
325310851 3983 477
836317018932588544 3984 2
860749967211868160 3985 1
371841426 3988 477
1499486611 3989 16
836332025892253697 3991 477
1018215494686519296 3992 494
2459195828 3994 4
941506730541895681 3996 247
741062399143346176 3997 477
815608954357022720 3998 31
1004784819035754496 3999 588
265673172 4001 59
1001963552280858630 4003 494
91609560 4004 477
88005107 4006 55
2865650167 4007 16
14113277 4008 59
979213868852502530 4009 4
261380627 4012 588
3168197142 4013 477
156618508 4019 477
268720735 4021 76
1018507613972115456 4022 76
970139582825226241 4023 31
932422263206531072 4024 59
848946889756209153 4028 494
2291325591 4031 247
1007040359325687811 4032 55
1011371069582860288 4033 16
772825722394124288 4034 76
935373972153057280 4038 2
287890157 4039 477
390388476 4042 59
546626307 4043 477
2303744772 4044 2
159734559 4045 477
2793036586 4047 4
1393515331 4049 4
3330431813 4050 494
251779933 4056 494
64087187 4057 477
485997035 4058 3
54025096 4059 588
89086879 4063 1
852368956677648385 4064 76
3118160823 4065 55
870210494 4066 477
968635737464860674 4067 4
3371490243 4068 477
1308790604 4069 588
821739834335117312 4071 3
1416190976 4072 3
1003690037970722817 4075 16
98393108 4076 55
894220395036934146 4077 247
2302598191 4081 4
1006843878459215872 4084 16
3320568918 4085 31
3197983837 4088 477
1016046631358287872 4089 4
3677576295 4090 170
3295763612 4092 16
2185878685 4093 247
146562209 4094 477
1138416806 4098 3
714890430 4101 477
1018543672407789570 4102 477
317291040 4103 477
131299873 4104 76
4376059101 4106 247
2492419963 4107 145
2279267558 4108 247
4871806252 4122 170
926112706691608577 4126 31
399587895 4127 477
212914061 4128 76
284646753 4129 145
239590757 4130 1
99343721 4131 477
282615158 4133 247
974673185479241730 4135 76
880256729359036416 4136 31
179723655 4137 477
862827833965633537 4138 145
117792151 4141 76
2975554979 4142 494
155901371 4146 477
162291155 4148 477
820365898787782656 4150 477
225926631 4151 588
1018540542202929153 4152 588
1018558488581111808 4153 588
454845693 4154 477
1470782964 4155 170
264003090 4161 145
1018526674831503360 4162 145
500031004 4164 16
129392177 4168 477
2504482374 4172 477
1004068089271603200 4174 76
955857392717189120 4175 31
904829684478877696 4176 588
1018561174080802817 4177 588
185917021 4178 494
230002621 4180 247
801615270255226885 4182 31
516415127 4184 170
90791576 4185 494
417554090 4188 494
194338479 4191 55
158850766 4193 494
1236917972 4194 588
736667083262435329 4195 76
1018624269696360449 4196 76
175645992 4198 494
387931911 4203 477
191553291 4204 494
901800258132422656 4208 477
186736425 4211 494
917954348 4212 477
111140655 4213 494
4424949552 4214 76
540401460 4215 145
141660127 4216 3
545709901 4217 588
977066085210976257 4221 31
2872893285 4222 494
739827558 4223 1
385605496 4228 494
804446636047036416 4229 3
213016447 4230 145
37543810 4231 4
520675237 4236 4
2728484777 4239 59
318037932 4240 16
859147526573887489 4241 31
4419280817 4242 76
118185911 4243 55
23486396 4244 247
970252244 4249 76
172974038 4250 170
802979068278804480 4252 588
232218606 4256 477
308699134 4257 477
1008135535557308417 4262 588
896114699963691008 4265 2
461430839 4270 59
464838726 4272 247
80601166 4273 1
758666824036847616 4275 588
161435665 4276 59
3044532338 4277 588
362963079 4280 4
342877551 4282 4
111796390 4283 55
2538725560 4284 247
368468163 4285 59
1629216979 4289 3
155967703 4290 477
90890456 4291 588
362143974 4292 477
503832815 4294 477
338485491 4295 247
99999990 4296 247
1730044189 4301 494
982168621882400769 4304 4
432169282 4306 3
1329422666 4307 1
565993803 4308 494
215114069 4310 494
351330648 4311 16
247521641 4314 477
731242867 4315 477
82174335 4317 477
348807571 4320 477
2572050840 4321 494
996763023665745920 4324 477
355787268 4326 588
63201802 4327 76
1018522778373443584 4328 76
189096469 4330 170
2612519462 4333 55
977978115887718402 4336 59
847596118884089856 4337 31
142074447 4340 477
705855983080181760 4341 145
731963994 4342 477
105046621 4343 494
154329696 4344 477
217670246 4345 4
826580028062388224 4347 588
960956089327149057 4350 31
900457135 4354 55
148988592 4355 477
224191170 4357 59
451601100 4358 4
80667363 4361 477
743934892241788928 4362 59
189719306 4363 16
409494287 4364 477
138208032 4365 477
164127521 4366 4
420012848 4369 4
252633909 4371 477
90071871 4372 145
113238848 4373 588
599581514 4374 477
553881385 4375 4
3527304028 4377 16
452584332 4380 588
113206159 4381 1
503833499 4383 477
92169116 4384 477
1608672169 4387 4
158426048 4389 477
2923193300 4390 588
2244699156 4396 494
145712160 4397 16
891353934295642112 4398 2
125363239 4399 247
616850477 4400 477
471426097 4401 477
997875708797046785 4405 76
60646461 4406 494
61891650 4407 477
3228755013 4408 76
2866340949 4411 145
573203560 4412 247
3050726524 4413 477
1015063569648553984 4415 477
71951512 4417 4
1355015330 4418 59
116286652 4422 477
902234638558662657 4434 16
745323224871772161 4435 477
1005608467808309248 4437 31
1691739474 4438 477
2318820691 4439 3
830104934 4440 494
579691880 4441 247
145909099 4442 247
122250605 4443 477
2153768317 4445 477
221472148 4447 477
999461612720410624 4448 2
955806811575156736 4449 4
171752348 4450 477
335504818 4452 76
473523653 4456 3
2728682957 4457 16
856942033 4458 588
949604901503422464 4459 4
2898781671 4465 59
1056990697 4466 2
155608556 4467 588
138241537 4471 477
1006337135065038849 4473 4
296412747 4474 247
934552496390983680 4475 494
977661987541929984 4476 4
908781140 4477 247
81946217 4479 477
2516313709 4480 477
983392949059891200 4481 477
84174449 4482 477
453404298 4488 477
2777245326 4489 59
226835395 4492 76
401663643 4494 76
100361885 4495 477
318072489 4497 76
919751821345902592 4498 55
48326355 4501 477
3104106199 4502 588
212035327 4505 247
163342096 4507 3
725738666128105473 4512 588
2753849128 4513 477
263612209 4514 247
770324173998682112 4515 2
724272219560402946 4516 4
362276682 4519 477
4846733015 4520 477
955200518866944000 4521 477
66414451 4522 477
84961157 4523 247
117139349 4527 59
1682139037 4528 494
630351774 4529 247
431286178 4530 170
612460481 4533 76
363947974 4534 477
2273863633 4536 494
125036528 4538 4
202237942 4539 4
1005564467265130497 4540 477
2882463770 4541 76
4174538788 4542 145
2267867181 4546 477
411893762 4549 494
257091657 4550 477
809461842 4552 588
340486256 4555 477
47835249 4556 1
767076031 4558 477
346291751 4559 494
117500067 4561 55
866409883154907138 4562 31
69920939 4563 59
68872364 4564 76
115992754 4565 477
383248591 4567 247
980892825494675456 4568 3
925401114798936064 4569 59
3231967488 4570 3
782073510495592448 4571 4
700557410608422913 4573 170
123431224 4574 477
2254432591 4580 2
121891155 4581 247
887924313814446080 4586 477
90794380 4587 588
2154773571 4588 494
148203928 4589 477
934311341598355456 4592 76
748942675487916032 4594 477
719384795789135872 4597 4
963209714 4599 3
775809506945093632 4600 477
921664878926008320 4601 247
869198334 4602 59
948330346726256640 4603 2
114911769 4604 477
23063069 4605 76
262498856 4606 477
632384046 4607 145
33974832 4608 55
347007539 4609 170
1235741251 4610 477
3080022605 4612 477
1703275105 4613 477
62909026 4614 477
997304179256414208 4616 477
129657461 4617 4
2827414152 4619 4
223931019 4621 55
2987715220 4623 494
897436085260873728 4624 59
533588637 4625 59
2753817253 4626 3
4896320182 4627 16
276294329 4629 494
892497548937658368 4630 247
264366795 4631 477
227830477 4632 477
933259988 4633 76
997081358240378880 4636 477
596208373 4639 477
750056589260840960 4654 477
551578375 4655 145
231271185 4656 494
4261079842 4658 247
868488674840764417 4660 3
1007790302437019649 4661 16
106195768 4662 145
868282679845806082 4663 2
2891639635 4664 4
703032153 4666 170
929452227915337728 4670 477
2926242705 4672 59
216263574 4673 1
4327533494 4676 477
2562943937 4678 494
2408213490 4682 494
157805591 4685 3
979500637661560834 4689 477
957818889001353217 4690 477
262892617 4697 4
302808249 4698 494
148532312 4699 76
784441844390359040 4702 3
334729748 4703 494
100101249 4704 59
1192225928 4706 4
175533199 4707 477
1709108372 4708 1
199060639 4709 247
2553081003 4710 4
419392690 4711 1
2646863040 4712 494
844225558951219200 4713 16
919365131175383040 4714 2
163942949 4715 477
897622090219741184 4716 477
287403259 4717 247
1408527614 4719 4
624028969 4723 76
348646720 4728 477
902702380013072385 4729 477
136801626 4732 477
964709509917741058 4733 4
2239131010 4735 588
340487555 4736 1
866108160171532289 4737 4
1032154531 4742 4
256372147 4743 477
180972983 4744 477
957402605516414976 4747 477
1546805478 4751 477
242904590 4752 477
86830621 4754 55
215379495 4756 16
139554373 4757 247
1129672262 4758 4
725898933227003904 4759 477
368602723 4762 76
116846181 4765 477
141160059 4768 477
951192935030145029 4769 31
909907484252323840 4770 59
159149722 4771 477
267841181 4772 477
63499950 4775 494
1008773993464147968 4778 477
21982917 4779 4
209186519 4781 2
3189960414 4782 4
820785866058661888 4785 477
952659836147290112 4786 477
834780474799124480 4788 2
977976740512493568 4791 55
158035764 4795 4
527068984 4796 16
957405889438277634 4797 2
755480645183209472 4798 4
4223412197 4800 494
981270486251397120 4801 588
116518765 4802 16
324145812 4803 477
933378443848413184 4804 477
1554345864 4805 16
317779867 4807 477
116092851 4813 59
3300945847 4814 477
1268772806 4818 477
989881755665616896 4819 477
375287804 4824 588
982724005101793281 4826 477
830042791371632643 4827 31
841430604986085380 4828 247
720056465701138437 4829 247
925881965601058822 4830 16
944646354525188103 4831 2
989294618 4832 76
916495257755365376 4833 55
91713574 4834 477
2855333949 4836 2
140931135 4837 477
3807146053 4838 76
1006330746137665536 4839 16
793978760450215936 4840 170
999096921766711296 4841 16
37482611 4843 247
1014704516581789696 4849 31
884461083766816768 4851 2
720785717358538752 4852 588
3098177749 4853 55
840385571210088448 4857 76
346321145 4858 494
214298889 4860 477
4056838439 4863 494
4894716203 4864 477
417952051 4865 588
818934068 4866 477
922229181697716227 4867 59
818242259145596930 4868 2
884220447277056000 4874 247
3180360051 4878 31
102494582 4879 477
395145597 4880 477
408023424 4882 477
911629556053954565 4883 477
1802911129 4885 477
710254323314335749 4886 16
710619568914321408 4887 55
4068667846 4889 247
3039130085 4893 3
751599959389143040 4894 2
812059165736706048 4896 3
112652787 4897 477
1016452529851420672 4898 16
968505996476866560 4902 76
221540890 4903 145
3342365218 4905 477
2667901480 4906 588
569995834 4909 170
612102729 4915 477
198341202 4918 494
172192340 4919 477
2230284889 4920 494
719727115873161216 4921 4
2152034915 4922 477
346387053 4925 4
199324270 4926 247
157545076 4927 477
120222325 4928 477
745632378 4930 247
222327451 4933 494
994014662307041280 4934 16
369617010 4935 494
383349424 4936 477
1008694170834358272 4937 4
43479754 4943 494
129659604 4946 59
2607575787 4954 4
1005985427499732992 4955 477
145683204 4957 16
160068361 4959 4
2731152173 4960 477
855765787 4961 31
235729692 4962 59
840694957035929601 4963 247
4444582719 4966 55
224359264 4969 477
770356343505051652 4974 170
2500981637 4975 170
2220322632 4976 3
405009330 4978 145
1015144061097816064 4982 4
824308569650577408 4985 76
1579611096 4987 477
741635036 4988 76
1015680138183348225 4989 2
228160510 4992 477
2275505166 4994 477
390132752 4995 588
87979039 4997 16
2345825315 4999 494
368702523 5000 477
265057357 5004 76
2361979986 5005 477
116487259 5006 588
179696732 5007 477
4193547379 5009 145
376960150 5013 1
373585055 5015 494
350549170 5019 477
456750266 5020 494
904463132936081408 5021 2
157021376 5022 588
1008793400160681984 5023 16
128578761 5024 59
272069835 5025 76
426439888 5028 247
188118239 5031 2
592344291 5032 494
844035314 5034 477
276100357 5036 59
703739123262201856 5037 2
4855723281 5038 247
703682063958974465 5040 59
234878249 5041 247
2311222572 5042 477
2174383410 5044 16
2230089012 5045 145
262973663 5046 477
919661366893580288 5047 2
3026810188 5048 16
2933880147 5049 16
215119195 5050 477
344290668 5053 4
867717438686846976 5055 3
1700001174 5058 3
328299931 5060 170
80967101 5063 477
2850158023 5065 477
1005307268202684417 5067 59
294417881 5068 59
4852544987 5069 588
27817437 5072 477
40997797 5073 477
141325812 5076 477
773977598 5077 477
380938496 5079 4
99546627 5080 477
125531656 5081 494
263648779 5082 16
996495764896534531 5087 16
914880024 5088 477
1504933430 5090 477
485815875 5091 477
2203547215 5093 247
1240299090 5094 477
117110356 5095 477
3395581527 5097 16
973929492984008706 5099 31
3024385627 5100 494
375715435 5101 3
1319302765 5102 1
280327795 5103 494
2592437886 5104 55
954092937750618112 5105 145
894719815973302272 5108 31
178910877 5110 477
119600811 5113 170
165279433 5116 477
236877517 5117 477
834430028276461568 5118 2
1439004379 5119 494
709482877273165825 5121 16
151647986 5122 477
2464872203 5125 477
843740952 5128 170
3325163291 5129 59
78673702 5130 477
760962971417935872 5132 1
749661834203000832 5133 3
167606078 5134 477
1210021706 5136 59
902896538061561857 5137 1
111376215 5139 3
2519332705 5140 494
934216271121584133 5141 494
102448787 5142 477
4708595579 5143 3
405567361 5144 477
567637890 5145 477
459470725 5146 4
94599065 5148 494
139753382 5151 3
867535729085358080 5156 3
32995269 5157 145
2567927762 5158 31
975489813779533825 5159 477
944672501547831297 5161 2
1110276103 5163 170
3044767757 5164 247
263223320 5165 59
827532940259315712 5167 3
1289910314 5168 2
384464940 5169 477
276691000 5170 477
313096254 5171 76
58554436 5172 1
2773973070 5175 494
332494938 5176 477
2370726253 5182 477
1018532997988003842 5183 477
308541594 5184 477
977731374911279106 5194 76
704291320416702466 5195 4
136149205 5196 3
1020417061 5197 477
409577853 5198 59
248936702 5200 477
743209046308757504 5201 494
119470383 5203 247
845276643094646784 5204 59
965804631333928961 5205 59
483260729 5206 477
4923521360 5211 477
331872600 5212 477
945521575759138816 5215 4
199391603 5216 477
200210821 5217 494
4735039878 5218 477
2634643848 5219 247
880240046967861248 5220 2
1006684825858830336 5224 16
259324320 5225 477
164886957 5230 76
465926592 5232 477
97745384 5238 477
1348041217 5244 588
398359047 5245 76
119482797 5246 4
4690737696 5250 145
173832737 5251 4
763178551197573120 5253 4
574749233 5255 477
193789708 5257 477
1921384207 5259 494
816437848459055108 5261 477
144013966 5262 55
3142986180 5264 4
2522118820 5265 477
809977793056481280 5266 477
142342831 5269 477
428800690 5270 494
106166973 5271 3
967244504 5274 4
107543262 5276 477
168950505 5277 494
220413735 5278 59
1655947050 5281 494
892094012181536768 5282 31
15301397 5284 477
305167131 5285 59
101662513 5287 145
937841536863227905 5289 477
2882698065 5293 588
790382498119348224 5294 4
291437404 5295 477
139819869 5296 145
57801573 5297 477
145260350 5303 477
202734458 5304 477
2921397121 5305 4
622885768 5306 1
161676170 5307 59
902533322580017152 5308 4
154991538 5313 477
2670721976 5314 76
774741508918566918 5315 31
3260185542 5316 76
953384441166090240 5317 477
36469752 5327 477
857187185308479488 5328 477
819266368348581889 5331 477
1117223960 5334 31
900267044 5336 588
160627753 5337 588
1013845244729872387 5343 477
924089449 5347 477
770431134161264640 5348 4
181992580 5351 59
116292750 5352 4
408944611 5353 145
145456295 5355 477
993141729506230273 5357 2
177601721 5358 477
68222166 5359 477
4412112087 5360 477
1342471411 5366 477
793584525611851776 5367 477
1652260099 5370 76
41843996 5372 76
63831325 5373 477
113245475 5374 16
851915018543276033 5375 31
170163501 5378 588
4251942192 5380 588
1018539816668024832 5381 588
2357394758 5384 247
950771110143918080 5387 2
946158461213167621 5388 494
425917812 5392 55
1018650610583855104 5393 55
859045242 5394 59
230882688 5395 477
922280067555831809 5397 477
898986605477863429 5398 16
760252629851246592 5399 31
391478702 5400 494
134643136 5403 76
76545476 5404 494
307854790 5405 494
74087894 5407 588
271023582 5408 3
557186527 5409 145
2307161574 5410 477
953618177191116801 5411 31
740857088616890368 5412 477
206437921 5413 4
1000504868 5414 477
309722663 5415 76
147553841 5416 477
1331625529 5417 3
241270348 5419 477
1406795365 5423 588
331873898 5424 477
333119113 5428 494
1535016601 5432 477
490569375 5435 477
1006219465313398784 5436 16
142835375 5437 3
263290544 5438 477
996860810315075586 5440 16
308215532 5443 76
1013958452131983360 5445 477
2957737715 5446 2
242745079 5447 477
999011563217530885 5448 477
3302915834 5449 477
4806213379 5451 76
134676236 5452 170
242024208 5454 477
988921846014857217 5461 494
2157707070 5464 477
966993969526857730 5465 16
308838214 5466 2
78249808 5467 494
309624659 5468 477
169082711 5469 477
2293579776 5471 4
382992249 5472 477
4301848457 5475 477
855777180265132032 5477 55
817179135713886208 5478 145
998275356976209926 5480 3
577798098 5484 588
67436499 5485 76
1045561308 5487 494
851771370 5492 247
