0 0
1 0
2 1
3 1
4 2
5 2
6 3
7 3
8 4
9 4
10 5
11 5
12 5
13 6
14 6
15 7
16 7
17 8
18 8
19 9
20 9
21 10
22 10
23 11
24 11
25 12
26 12
27 13
28 13
29 14
30 15
31 15
32 16
33 16
34 17
35 17
36 18
37 18
38 19
39 19
40 20
41 21
42 21
43 22
44 23
45 23
46 24
47 24
48 25
49 25
50 26
51 26
52 27
53 27
54 28
55 28
56 29
57 30
58 30
59 31
60 31
61 32
62 32
63 33
64 33
65 34
66 35
67 35
68 36
69 36
70 36
71 37
72 37
73 24
74 38
75 38
76 39
77 24
78 40
79 40
80 41
81 41
82 42
83 42
84 42
85 43
86 43
87 44
88 44
89 45
90 46
91 46
92 47
93 47
94 48
95 49
96 49
97 50
98 50
99 51
100 51
101 52
102 52
103 53
104 53
105 54
106 55
107 55
108 55
109 55
110 55
111 56
112 56
113 57
114 57
115 58
116 59
117 60
118 61
119 61
120 62
121 62
122 63
123 63
124 64
125 64
126 64
127 65
128 65
129 66
130 66
131 67
132 67
133 67
134 68
135 68
136 69
137 70
138 63
139 71
140 71
141 72
142 73
143 74
144 74
145 75
146 75
147 76
148 76
149 77
150 33
151 78
152 79
153 79
154 80
155 80
156 81
157 81
158 82
159 82
160 83
161 83
162 84
163 84
164 85
165 86
166 86
167 87
168 87
169 88
170 88
171 89
172 89
173 357
174 90
175 90
176 91
177 92
178 92
179 24
180 93
181 93
182 94
183 94
184 63
185 95
186 95
187 27
188 96
189 96
190 97
191 97
192 98
193 98
194 99
195 100
196 100
197 101
198 63
199 102
200 102
201 103
202 103
203 63
204 104
205 104
206 105
207 33
208 106
209 107
210 108
211 109
212 110
213 31
214 111
215 112
216 112
217 113
218 113
219 63
220 114
221 114
222 115
223 115
224 116
225 117
226 118
227 118
228 119
229 119
230 120
231 120
232 121
233 121
234 122
235 122
236 41
237 123
238 124
239 124
240 125
241 125
242 126
243 126
244 127
245 9
246 128
247 128
248 129
249 129
250 129
251 130
252 130
253 131
254 131
255 132
256 132
257 133
258 133
259 134
260 134
261 134
262 134
263 135
264 135
265 136
266 136
267 137
268 138
269 138
270 43
271 139
272 140
273 140
274 141
275 141
276 142
277 142
278 143
279 143
280 144
281 144
282 145
283 145
284 146
285 147
286 148
287 148
288 149
289 149
290 150
291 151
292 152
293 41
294 153
295 154
296 154
297 155
298 155
299 156
300 157
301 158
302 159
303 159
304 160
305 160
306 161
307 161
308 162
309 162
310 163
311 163
312 164
313 165
314 165
315 166
316 166
317 167
318 167
319 168
320 70
321 169
322 169
323 169
324 170
325 171
326 172
327 173
328 174
329 174
330 175
331 176
332 176
333 177
334 178
335 178
336 179
337 179
338 180
339 180
340 181
341 181
342 182
343 182
344 24
345 183
346 183
347 184
348 185
349 185
350 186
351 186
352 187
353 187
354 188
355 188
356 189
357 189
358 190
359 190
360 191
361 191
362 192
363 193
364 193
365 194
366 195
367 195
368 196
369 196
370 33
371 197
372 197
373 198
374 199
375 199
376 200
377 201
378 201
379 202
380 202
381 203
382 203
383 203
384 204
385 204
386 205
387 205
388 206
389 207
390 207
391 208
392 209
393 209
394 210
395 63
396 211
397 211
398 212
399 212
400 213
401 213
402 214
403 214
404 215
405 215
406 216
407 216
408 217
409 217
410 218
411 154
412 219
413 220
414 220
415 220
416 221
417 221
418 95
419 222
420 222
421 223
422 223
423 224
424 225
425 225
426 226
427 226
428 227
429 227
430 228
431 228
432 229
433 229
434 229
435 229
436 126
437 230
438 231
439 231
440 63
441 35
442 232
443 232
444 233
445 233
446 234
447 235
448 235
449 236
450 237
451 237
452 238
453 239
454 239
455 240
456 240
457 241
458 241
459 241
460 241
461 241
462 241
463 242
464 242
465 0
466 27
467 243
468 243
469 80
470 244
471 154
472 245
473 245
474 246
475 246
476 247
477 248
478 249
479 249
480 250
481 250
482 251
483 251
484 252
485 252
486 253
487 253
488 254
489 254
490 255
491 255
492 256
493 256
494 257
495 257
496 257
497 258
498 258
499 259
500 259
501 63
502 260
503 260
504 261
505 261
506 262
507 262
508 263
509 263
510 264
511 264
512 265
513 265
514 266
515 267
516 267
517 268
518 268
519 27
520 37
521 269
522 269
523 270
524 270
525 271
526 271
527 88
528 272
529 273
530 273
531 33
532 274
533 31
534 275
535 275
536 2
537 276
538 276
539 277
540 277
541 278
542 278
543 43
544 279
545 280
546 281
547 281
548 282
549 282
550 282
551 31
552 283
553 284
554 284
555 285
556 285
557 174
558 286
559 287
560 287
561 288
562 288
563 289
564 289
565 290
566 290
567 291
568 292
569 292
570 136
571 293
572 293
573 294
574 294
575 295
576 296
577 296
578 33
579 297
580 297
581 298
582 298
583 299
584 63
585 300
586 301
587 302
588 303
589 304
590 304
591 304
592 305
593 305
594 306
595 306
596 307
597 307
598 308
599 308
600 309
601 309
602 310
603 311
604 311
605 312
606 313
607 313
608 314
609 315
610 315
611 316
612 316
613 317
614 317
615 318
616 319
617 319
618 320
619 321
620 322
621 322
622 323
623 324
624 324
625 174
626 325
627 326
628 326
629 327
630 327
631 24
632 328
633 328
634 329
635 330
636 330
637 331
638 331
639 332
640 332
641 333
642 333
643 334
644 334
645 335
646 335
647 336
648 336
649 95
650 337
651 338
652 339
653 339
654 340
655 340
656 9
657 341
658 341
659 24
660 289
661 342
662 342
663 24
664 343
665 344
666 344
667 345
668 345
669 346
670 346
671 347
672 347
673 347
674 348
675 349
676 349
677 350
678 351
679 352
680 352
681 353
682 353
683 354
684 354
685 355
686 356
687 356
688 356
689 357
690 358
691 358
692 359
693 359
694 359
695 176
696 360
697 149
698 51
699 361
700 361
701 362
702 362
703 363
704 363
705 364
706 364
707 18
708 365
709 365
710 366
711 367
712 368
713 368
714 369
715 369
716 370
717 371
718 371
719 372
720 373
721 374
722 374
