0 0
1 0
2 1
3 1
4 2
5 2
6 3
7 3
8 4
9 4
10 5
11 5
12 5
13 6
14 6
15 7
16 7
17 8
18 8
19 54
20 54
21 9
22 9
23 10
24 10
25 11
26 11
27 12
28 12
29 13
30 14
31 14
32 15
33 15
34 16
35 16
36 17
37 17
38 18
39 18
40 19
41 20
42 20
43 21
44 22
45 22
46 23
47 23
48 24
49 24
50 25
51 25
52 26
53 26
54 27
55 27
56 28
57 29
58 29
59 30
60 30
61 31
62 31
63 32
64 32
65 33
66 34
67 34
68 35
69 35
70 35
71 36
72 36
73 23
74 37
75 37
76 38
77 23
78 39
79 39
80 40
81 40
82 41
83 41
84 41
85 42
86 42
87 43
88 43
89 44
90 45
91 45
92 46
93 46
94 47
95 48
96 48
97 49
98 49
99 50
100 50
101 51
102 51
103 52
104 52
105 53
106 54
107 54
108 54
109 54
110 54
111 55
112 55
113 56
114 56
115 57
116 58
117 59
118 60
119 60
120 0
121 0
122 67
123 67
124 61
125 61
126 61
127 62
128 62
129 63
130 63
131 64
132 64
133 64
134 65
135 65
136 66
137 67
138 67
139 68
140 68
141 69
142 70
143 71
144 71
145 72
146 72
147 73
148 73
149 74
150 32
151 75
152 76
153 76
154 77
155 77
156 78
157 78
158 79
159 79
160 80
161 80
162 81
163 81
164 82
165 83
166 83
167 84
168 84
169 85
170 85
171 348
172 348
173 348
174 86
175 86
176 87
177 88
178 88
179 23
180 89
181 89
182 90
183 90
184 67
185 91
186 91
187 26
188 92
189 92
190 93
191 93
192 94
193 94
194 95
195 96
196 96
197 97
198 67
199 98
200 98
201 99
202 99
203 67
204 100
205 100
206 101
207 32
208 102
209 103
210 104
211 105
212 106
213 30
214 107
215 108
216 108
217 109
218 109
219 67
220 110
221 110
222 111
223 111
224 112
225 113
226 114
227 114
228 115
229 115
230 116
231 116
232 117
233 117
234 118
235 118
236 40
237 119
238 120
239 120
240 121
241 121
242 122
243 122
244 123
245 54
246 124
247 124
248 125
249 125
250 125
251 126
252 126
253 233
254 233
255 127
256 127
257 128
258 128
259 129
260 129
261 129
262 129
263 32
264 32
265 130
266 130
267 131
268 132
269 132
270 42
271 133
272 134
273 134
274 135
275 135
276 136
277 136
278 137
279 137
280 138
281 138
282 139
283 139
284 140
285 141
286 142
287 142
288 143
289 143
290 144
291 145
292 146
293 40
294 147
295 148
296 148
297 149
298 149
299 150
300 151
301 152
302 153
303 153
304 154
305 154
306 155
307 155
308 156
309 156
310 157
311 157
312 158
313 159
314 159
315 160
316 160
317 161
318 161
319 162
320 67
321 163
322 163
323 163
324 164
325 165
326 166
327 167
328 168
329 168
330 169
331 170
332 170
333 171
334 172
335 172
336 173
337 173
338 174
339 174
340 175
341 175
342 176
343 176
344 23
345 177
346 177
347 178
348 179
349 179
350 180
351 180
352 181
353 181
354 182
355 182
356 183
357 183
358 184
359 184
360 185
361 185
362 186
363 187
364 187
365 188
366 189
367 189
368 190
369 190
370 32
371 191
372 191
373 192
374 193
375 193
376 194
377 195
378 195
379 196
380 196
381 78
382 78
383 78
384 197
385 197
386 198
387 198
388 199
389 200
390 200
391 201
392 202
393 202
394 203
395 67
396 204
397 204
398 205
399 205
400 206
401 206
402 207
403 207
404 208
405 208
406 209
407 209
408 210
409 210
410 211
411 148
412 212
413 213
414 213
415 213
416 214
417 214
418 91
419 215
420 215
421 216
422 216
423 217
424 218
425 218
426 219
427 219
428 220
429 220
430 221
431 221
432 0
433 0
434 0
435 0
436 122
437 222
438 223
439 223
440 67
441 34
442 224
443 224
444 225
445 225
446 226
447 227
448 227
449 228
450 229
451 229
452 230
453 231
454 231
455 232
456 232
457 233
458 233
459 233
460 233
461 233
462 233
463 234
464 234
465 0
466 26
467 235
468 235
469 77
470 236
471 148
472 237
473 237
474 238
475 238
476 239
477 240
478 241
479 241
480 242
481 242
482 243
483 243
484 67
485 67
486 244
487 244
488 245
489 245
490 246
491 246
492 247
493 247
494 248
495 248
496 248
497 249
498 249
499 250
500 250
501 67
502 251
503 251
504 252
505 252
506 253
507 253
508 254
509 254
510 255
511 255
512 256
513 256
514 257
515 258
516 258
517 259
518 259
519 26
520 36
521 260
522 260
523 261
524 261
525 262
526 262
527 85
528 263
529 264
530 264
531 32
532 265
533 30
534 266
535 266
536 2
537 267
538 267
539 268
540 268
541 269
542 269
543 42
544 270
545 271
546 272
547 272
548 273
549 273
550 273
551 30
552 274
553 275
554 275
555 276
556 276
557 168
558 277
559 278
560 278
561 279
562 279
563 280
564 280
565 281
566 281
567 282
568 283
569 283
570 130
571 284
572 284
573 285
574 285
575 286
576 287
577 287
578 32
579 288
580 288
581 289
582 289
583 290
584 67
585 291
586 292
587 293
588 294
589 295
590 295
591 295
592 296
593 296
594 297
595 297
596 298
597 298
598 299
599 299
600 300
601 300
602 301
603 302
604 302
605 303
606 304
607 304
608 305
609 306
610 306
611 307
612 307
613 308
614 308
615 309
616 310
617 310
618 311
619 312
620 313
621 313
622 314
623 315
624 315
625 168
626 316
627 317
628 317
629 318
630 318
631 23
632 319
633 319
634 320
635 321
636 321
637 322
638 322
639 323
640 323
641 324
642 324
643 325
644 325
645 326
646 326
647 327
648 327
649 91
650 328
651 329
652 330
653 330
654 331
655 331
656 54
657 332
658 332
659 23
660 280
661 333
662 333
663 23
664 334
665 335
666 335
667 336
668 336
669 337
670 337
671 338
672 338
673 338
674 339
675 340
676 340
677 341
678 342
679 343
680 343
681 344
682 344
683 345
684 345
685 346
686 347
687 347
688 347
689 348
690 349
691 349
692 350
693 350
694 350
695 170
696 351
697 143
698 50
699 352
700 352
701 353
702 353
703 354
704 354
705 355
706 355
707 17
708 356
709 356
710 357
711 358
712 359
713 359
714 360
715 360
716 361
717 362
718 362
719 363
720 364
721 365
722 365
